        0.00225        0.00000
        0.00450        0.00000
        0.00675        0.00000
        0.00900        0.00000
        0.01125        0.00000
        0.01350        0.00000
        0.01575        0.00000
        0.01800        0.00000
        0.02025        0.00000
        0.02250        0.00000
        0.02475        0.00000
        0.02700        0.00000
        0.02925        0.00000
        0.03150        0.00000
        0.03375        0.00000
        0.03600        0.00000
        0.03825        0.00000
        0.04050        0.00000
        0.04275        0.00000
        0.04500        0.00000
        0.04725        0.00000
        0.04950        0.00000
        0.05175        0.00000
        0.05400        0.00000
        0.05625        0.00000
        0.05850        0.00000
        0.06075        0.00000
        0.06300        0.00000
        0.06525        0.00000
        0.06750        0.00000
        0.06975        0.00000
        0.07200        0.00000
        0.07425        0.00000
        0.07650        0.00000
        0.07875        0.00000
        0.08100        0.00000
        0.08325        0.00000
        0.08550        0.00000
        0.08775        0.00000
        0.09000        0.00000
        0.09225        0.00000
        0.09450        0.00000
        0.09675        0.00000
        0.09900        0.00000
        0.10125        0.00000
        0.10350        0.00000
        0.10575        0.00000
        0.10800        0.00000
        0.11025        0.00000
        0.11250        0.00000
        0.11475        0.00000
        0.11700        0.00000
        0.11925        0.00000
        0.12150        0.00000
        0.12375        0.00000
        0.12600        0.00000
        0.12825        0.00000
        0.13050        0.00000
        0.13275        0.00000
        0.13500        0.00000
        0.13725        0.00000
        0.13950        0.00000
        0.14175        0.00000
        0.14400        0.00000
        0.14625        0.00000
        0.14850        0.00000
        0.15075        0.00000
        0.15300        0.00000
        0.15525        0.00000
        0.15750        0.00000
        0.15975        0.00000
        0.16200        0.00000
        0.16425        0.00000
        0.16650        0.00000
        0.16875        0.00000
        0.17100        0.00000
        0.17325        0.00000
        0.17550        0.00000
        0.17775        0.00000
        0.18000        0.00000
        0.18225        0.00000
        0.18450        0.00000
        0.18675        0.00000
        0.18900        0.00000
        0.19125        0.00000
        0.19350        0.00000
        0.19575        0.00000
        0.19800        0.00000
        0.20025        0.00000
        0.20250        0.00000
        0.20475        0.00000
        0.20700        0.00000
        0.20925        0.00000
        0.21150        0.00000
        0.21375        0.00000
        0.21600        0.00000
        0.21825        0.00000
        0.22050        0.00000
        0.22275        0.00000
        0.22500        0.00000
        0.22725        0.00000
        0.22950        0.00000
        0.23175        0.00000
        0.23400        0.00000
        0.23625        0.00000
        0.23850        0.00000
        0.24075        0.00000
        0.24300        0.00000
        0.24525        0.00000
        0.24750        0.00000
        0.24975        0.00000
        0.25200        0.00000
        0.25425        0.00000
        0.25650        0.00000
        0.25875        0.00000
        0.26100        0.00000
        0.26325        0.00000
        0.26550        0.00000
        0.26775        0.00000
        0.27000        0.00000
        0.27225        0.00000
        0.27450        0.00000
        0.27675        0.00000
        0.27900        0.00000
        0.28125        0.00000
        0.28350        0.00000
        0.28575        0.00000
        0.28800        0.00000
        0.29025        0.00000
        0.29250        0.00000
        0.29475        0.00000
        0.29700        0.00000
        0.29925        0.00000
        0.30150        0.00000
        0.30375        0.00000
        0.30600        0.00000
        0.30825        0.00000
        0.31050        0.00000
        0.31275        0.00000
        0.31500        0.00000
        0.31725        0.00000
        0.31950        0.00000
        0.32175        0.00000
        0.32400        0.00000
        0.32625        0.00000
        0.32850        0.00000
        0.33075        0.00000
        0.33300        0.00000
        0.33525        0.00000
        0.33750        0.00000
        0.33975        0.00000
        0.34200        0.00000
        0.34425        0.00000
        0.34650        0.00000
        0.34875        0.00000
        0.35100        0.00000
        0.35325        0.00000
        0.35550        0.00000
        0.35775        0.00000
        0.36000        0.00000
        0.36225        0.00000
        0.36450        0.00000
        0.36675        0.00000
        0.36900        0.00000
        0.37125        0.00000
        0.37350        0.00000
        0.37575        0.00000
        0.37800        0.00000
        0.38025        0.00000
        0.38250        0.00000
        0.38475        0.00000
        0.38700        0.00000
        0.38925        0.00000
        0.39150        0.00000
        0.39375        0.00000
        0.39600        0.00000
        0.39825        0.00000
        0.40050        0.00000
        0.40275        0.00000
        0.40500        0.00000
        0.40725        0.00000
        0.40950        0.00000
        0.41175        0.00000
        0.41400        0.00000
        0.41625        0.00000
        0.41850        0.00000
        0.42075        0.00000
        0.42300        0.00000
        0.42525        0.00000
        0.42750        0.00000
        0.42975        0.00000
        0.43200        0.00000
        0.43425        0.00000
        0.43650        0.00000
        0.43875        0.00000
        0.44100        0.00000
        0.44325        0.00000
        0.44550        0.00000
        0.44775        0.00000
        0.45000        0.00000
        0.45225        0.00000
        0.45450        0.00000
        0.45675        0.00000
        0.45900        0.00000
        0.46125        0.00000
        0.46350        0.00000
        0.46575        0.00000
        0.46800        0.00000
        0.47025        0.00000
        0.47250        0.00000
        0.47475        0.00000
        0.47700        0.00000
        0.47925        0.00000
        0.48150        0.00000
        0.48375        0.00000
        0.48600        0.00000
        0.48825        0.00000
        0.49050        0.00000
        0.49275        0.00000
        0.49500        0.00000
        0.49725        0.00000
        0.49950        0.00000
        0.50175        0.00000
        0.50400        0.00000
        0.50625        0.00000
        0.50850        0.00000
        0.51075        0.00000
        0.51300        0.00000
        0.51525        0.00000
        0.51750        0.00000
        0.51975        0.00000
        0.52200        0.00000
        0.52425        0.00000
        0.52650        0.00000
        0.52875        0.00000
        0.53100        0.00000
        0.53325        0.00000
        0.53550        0.00000
        0.53775        0.00000
        0.54000        0.00000
        0.54225        0.00000
        0.54450        0.00000
        0.54675        0.00000
        0.54900        0.00000
        0.55125        0.00000
        0.55350        0.00000
        0.55575        0.00000
        0.55800        0.00000
        0.56025        0.00000
        0.56250        0.00000
        0.56475        0.00000
        0.56700        0.00000
        0.56925        0.00000
        0.57150        0.00000
        0.57375        0.00000
        0.57600        0.00000
        0.57825        0.00000
        0.58050        0.00000
        0.58275        0.00000
        0.58500        0.00000
        0.58725        0.00000
        0.58950        0.00000
        0.59175        0.00000
        0.59400        0.00000
        0.59625        0.00000
        0.59850        0.00000
        0.60075        0.00000
        0.60300        0.00000
        0.60525        0.00000
        0.60750        0.00000
        0.60975        0.00000
        0.61200        0.00000
        0.61425        0.00000
        0.61650        0.00000
        0.61875        0.00000
        0.62100        0.00000
        0.62325        0.00000
        0.62550        0.00000
        0.62775        0.00000
        0.63000        0.00000
        0.63225        0.00000
        0.63450        0.00000
        0.63675        0.00000
        0.63900        0.00000
        0.64125        0.00000
        0.64350        0.00000
        0.64575        0.00000
        0.64800        0.00000
        0.65025        0.00000
        0.65250        0.00000
        0.65475        0.00000
        0.65700        0.00000
        0.65925        0.00000
        0.66150        0.00000
        0.66375        0.00000
        0.66600        0.00000
        0.66825        0.00000
        0.67050        0.00000
        0.67275        0.00000
        0.67500        0.00000
        0.67725        0.00000
        0.67950        0.00000
        0.68175        0.00000
        0.68400        0.00000
        0.68625        0.00000
        0.68850        0.00000
        0.69075        0.00000
        0.69300        0.00000
        0.69525        0.00000
        0.69750        0.00000
        0.69975        0.00000
        0.70200        0.00000
        0.70425        0.00000
        0.70650        0.00000
        0.70875        0.00000
        0.71100        0.00000
        0.71325        0.00000
        0.71550        0.00000
        0.71775        0.00000
        0.72000        0.00000
        0.72225        0.00000
        0.72450        0.00000
        0.72675        0.00000
        0.72900        0.00000
        0.73125        0.00000
        0.73350        0.00000
        0.73575        0.00000
        0.73800        0.00000
        0.74025        0.00000
        0.74250        0.00000
        0.74475        0.00000
        0.74700        0.00000
        0.74925        0.00000
        0.75150        0.00000
        0.75375        0.00000
        0.75600        0.00000
        0.75825        0.00000
        0.76050        0.00000
        0.76275        0.00000
        0.76500        0.00000
        0.76725        0.00000
        0.76950        0.00000
        0.77175        0.00000
        0.77400        0.00000
        0.77625        0.00000
        0.77850        0.00000
        0.78075        0.00000
        0.78300        0.00000
        0.78525        0.00000
        0.78750        0.00000
        0.78975        0.00000
        0.79200        0.00000
        0.79425        0.00000
        0.79650        0.00000
        0.79875        0.00000
        0.80100        0.00000
        0.80325        0.00000
        0.80550        0.00000
        0.80775        0.00000
        0.81000        0.00000
        0.81225        0.00000
        0.81450        0.00000
        0.81675        0.00000
        0.81900        0.00000
        0.82125        0.00000
        0.82350        0.00000
        0.82575        0.00000
        0.82800        0.00000
        0.83025        0.00000
        0.83250        0.00000
        0.83475        0.00000
        0.83700        0.00000
        0.83925        0.00000
        0.84150        0.00000
        0.84375        0.00000
        0.84600        0.00000
        0.84825        0.00000
        0.85050        0.00000
        0.85275        0.00000
        0.85500        0.00000
        0.85725        0.00000
        0.85950        0.00000
        0.86175        0.00000
        0.86400        0.00000
        0.86625        0.00000
        0.86850        0.00000
        0.87075        0.00000
        0.87300        0.00000
        0.87525        0.00000
        0.87750        0.00000
        0.87975        0.00000
        0.88200        0.00000
        0.88425        0.00000
        0.88650        0.00000
        0.88875        0.00000
        0.89100        0.00000
        0.89325        0.00000
        0.89550        0.00000
        0.89775        0.00000
        0.90000        0.00000
        0.90225        0.00000
        0.90450        0.00000
        0.90675        0.00000
        0.90900        0.00000
        0.91125        0.00000
        0.91350        0.00000
        0.91575        0.00000
        0.91800        0.00000
        0.92025        0.00000
        0.92250        0.00000
        0.92475        0.00000
        0.92700        0.00000
        0.92925        0.00000
        0.93150        0.00000
        0.93375        0.00000
        0.93600        0.00000
        0.93825        0.00000
        0.94050        0.00000
        0.94275        0.00000
        0.94500        0.00000
        0.94725        0.00000
        0.94950        0.00000
        0.95175        0.00000
        0.95400        0.00000
        0.95625        0.00000
        0.95850        0.00000
        0.96075        0.00000
        0.96300        0.00000
        0.96525        0.00000
        0.96750        0.00000
        0.96975        0.00000
        0.97200        0.00000
        0.97425        0.00000
        0.97650        0.00000
        0.97875        0.00000
        0.98100        0.00000
        0.98325        0.00000
        0.98550        0.00000
        0.98775        0.00000
        0.99000        0.00000
        0.99225        0.00000
        0.99450        0.00000
        0.99675        0.00000
        0.99900        0.00000
        1.00125        0.00000
        1.00350        0.00000
        1.00575        0.00000
        1.00800        0.00000
        1.01025        0.00000
        1.01250        0.00000
        1.01475        0.00000
        1.01700        0.00000
        1.01925        0.00000
        1.02150        0.00000
        1.02375        0.00000
        1.02600        0.00000
        1.02825        0.00000
        1.03050        0.00000
        1.03275        0.00000
        1.03500        0.00000
        1.03725        0.00000
        1.03950        0.00000
        1.04175        0.00000
        1.04400        0.00000
        1.04625        0.00000
        1.04850        0.00000
        1.05075        0.00000
        1.05300        0.00000
        1.05525        0.00000
        1.05750        0.00000
        1.05975        0.00000
        1.06200        0.00000
        1.06425        0.00000
        1.06650        0.00000
        1.06875        0.00000
        1.07100        0.00000
        1.07325        0.00000
        1.07550        0.00000
        1.07775        0.00000
        1.08000        0.00000
        1.08225        0.00000
        1.08450        0.00000
        1.08675        0.00000
        1.08900        0.00000
        1.09125        0.00000
        1.09350        0.00000
        1.09575        0.00000
        1.09800        0.00000
        1.10025        0.00000
        1.10250        0.00000
        1.10475        0.00000
        1.10700        0.00000
        1.10925        0.00000
        1.11150        0.00000
        1.11375        0.00093
        1.11600        0.00031
        1.11825        0.00031
        1.12050        0.00123
        1.12275        0.00581
        1.12500        0.00822
        1.12725        0.01304
        1.12950        0.02688
        1.13175        0.04933
        1.13400        0.08509
        1.13625        0.15398
        1.13850        0.23571
        1.14075        0.39436
        1.14300        0.57417
        1.14525        0.88475
        1.14750        1.23385
        1.14975        1.73906
        1.15200        2.35237
        1.15425        3.23185
        1.15650        4.22604
        1.15875        5.38005
        1.16100        6.66830
        1.16325        8.17034
        1.16550        9.65649
        1.16775       11.31817
        1.17000       12.88651
        1.17225       14.26415
        1.17450       15.77778
        1.17675       16.92055
        1.17900       17.93503
        1.18125       18.39938
        1.18350       18.66781
        1.18575       18.52606
        1.18800       18.35004
        1.19025       17.66612
        1.19250       16.85502
        1.19475       15.68418
        1.19700       14.43462
        1.19925       12.98671
        1.20150       11.63040
        1.20375       10.07647
        1.20600        8.86120
        1.20825        7.53640
        1.21050        6.27029
        1.21275        5.26681
        1.21500        4.34693
        1.21725        3.52872
        1.21950        2.77998
        1.22175        2.18746
        1.22400        1.71834
        1.22625        1.31132
        1.22850        1.01116
        1.23075        0.73074
        1.23300        0.57627
        1.23525        0.38253
        1.23750        0.29711
        1.23975        0.21833
        1.24200        0.14536
        1.24425        0.11522
        1.24650        0.06918
        1.24875        0.04620
        1.25100        0.03348
        1.25325        0.02600
        1.25550        0.01638
        1.25775        0.01193
        1.26000        0.00655
        1.26225        0.00532
        1.26450        0.00120
        1.26675        0.00120
        1.26900        0.00024
        1.27125        0.00048
        1.27350        0.00095
        1.27575        0.00071
        1.27800        0.00000
        1.28025        0.00000
        1.28250        0.00000
        1.28475        0.00000
        1.28700        0.00000
        1.28925        0.00000
        1.29150        0.00000
        1.29375        0.00000
        1.29600        0.00000
        1.29825        0.00000
        1.30050        0.00000
        1.30275        0.00000
        1.30500        0.00000
        1.30725        0.00000
        1.30950        0.00000
        1.31175        0.00000
        1.31400        0.00000
        1.31625        0.00000
        1.31850        0.00000
        1.32075        0.00000
        1.32300        0.00000
        1.32525        0.00000
        1.32750        0.00000
        1.32975        0.00000
        1.33200        0.00000
        1.33425        0.00000
        1.33650        0.00000
        1.33875        0.00000
        1.34100        0.00000
        1.34325        0.00000
        1.34550        0.00000
        1.34775        0.00000
        1.35000        0.00000
        1.35225        0.00000
        1.35450        0.00000
        1.35675        0.00000
        1.35900        0.00000
        1.36125        0.00000
        1.36350        0.00000
        1.36575        0.00000
        1.36800        0.00000
        1.37025        0.00000
        1.37250        0.00000
        1.37475        0.00000
        1.37700        0.00000
        1.37925        0.00000
        1.38150        0.00000
        1.38375        0.00000
        1.38600        0.00000
        1.38825        0.00000
        1.39050        0.00000
        1.39275        0.00000
        1.39500        0.00000
        1.39725        0.00000
        1.39950        0.00000
        1.40175        0.00000
        1.40400        0.00000
        1.40625        0.00000
        1.40850        0.00000
        1.41075        0.00000
        1.41300        0.00000
        1.41525        0.00000
        1.41750        0.00000
        1.41975        0.00000
        1.42200        0.00000
        1.42425        0.00000
        1.42650        0.00000
        1.42875        0.00000
        1.43100        0.00000
        1.43325        0.00000
        1.43550        0.00000
        1.43775        0.00000
        1.44000        0.00000
        1.44225        0.00000
        1.44450        0.00000
        1.44675        0.00000
        1.44900        0.00000
        1.45125        0.00000
        1.45350        0.00000
        1.45575        0.00000
        1.45800        0.00000
        1.46025        0.00000
        1.46250        0.00000
        1.46475        0.00000
        1.46700        0.00000
        1.46925        0.00000
        1.47150        0.00000
        1.47375        0.00000
        1.47600        0.00000
        1.47825        0.00000
        1.48050        0.00000
        1.48275        0.00000
        1.48500        0.00000
        1.48725        0.00000
        1.48950        0.00000
        1.49175        0.00000
        1.49400        0.00000
        1.49625        0.00000
        1.49850        0.00000
        1.50075        0.00000
        1.50300        0.00000
        1.50525        0.00000
        1.50750        0.00000
        1.50975        0.00000
        1.51200        0.00000
        1.51425        0.00000
        1.51650        0.00000
        1.51875        0.00000
        1.52100        0.00000
        1.52325        0.00000
        1.52550        0.00000
        1.52775        0.00000
        1.53000        0.00000
        1.53225        0.00000
        1.53450        0.00000
        1.53675        0.00000
        1.53900        0.00000
        1.54125        0.00000
        1.54350        0.00000
        1.54575        0.00000
        1.54800        0.00000
        1.55025        0.00000
        1.55250        0.00000
        1.55475        0.00000
        1.55700        0.00000
        1.55925        0.00000
        1.56150        0.00000
        1.56375        0.00000
        1.56600        0.00000
        1.56825        0.00000
        1.57050        0.00000
        1.57275        0.00000
        1.57500        0.00000
        1.57725        0.00000
        1.57950        0.00000
        1.58175        0.00000
        1.58400        0.00015
        1.58625        0.00015
        1.58850        0.00031
        1.59075        0.00122
        1.59300        0.00137
        1.59525        0.00091
        1.59750        0.00226
        1.59975        0.00376
        1.60200        0.00360
        1.60425        0.00928
        1.60650        0.01149
        1.60875        0.01474
        1.61100        0.02256
        1.61325        0.03360
        1.61550        0.04340
        1.61775        0.05668
        1.62000        0.07913
        1.62225        0.10775
        1.62450        0.15241
        1.62675        0.19247
        1.62900        0.24725
        1.63125        0.32157
        1.63350        0.42796
        1.63575        0.53305
        1.63800        0.63627
        1.64025        0.77830
        1.64250        0.94868
        1.64475        1.13066
        1.64700        1.37555
        1.64925        1.58823
        1.65150        1.85978
        1.65375        2.10886
        1.65600        2.34688
        1.65825        2.62031
        1.66050        2.84908
        1.66275        3.10461
        1.66500        3.32094
        1.66725        3.51836
        1.66950        3.69936
        1.67175        3.80163
        1.67400        3.88092
        1.67625        3.87009
        1.67850        3.90895
        1.68075        3.82526
        1.68300        3.70908
        1.68525        3.56759
        1.68750        3.39952
        1.68975        3.21344
        1.69200        2.96482
        1.69425        2.69751
        1.69650        2.43281
        1.69875        2.13585
        1.70100        1.91370
        1.70325        1.65327
        1.70550        1.42148
        1.70775        1.20902
        1.71000        1.01136
        1.71225        0.82132
        1.71450        0.69281
        1.71675        0.56956
        1.71900        0.45464
        1.72125        0.35072
        1.72350        0.27938
        1.72575        0.21862
        1.72800        0.16567
        1.73025        0.12187
        1.73250        0.09729
        1.73475        0.07643
        1.73700        0.05389
        1.73925        0.03897
        1.74150        0.02388
        1.74375        0.01951
        1.74600        0.01365
        1.74825        0.01059
        1.75050        0.00654
        1.75275        0.00539
        1.75500        0.00300
        1.75725        0.00200
        1.75950        0.00137
        1.76175        0.00087
        1.76400        0.00025
        1.76625        0.00000
        1.76850        0.00012
        1.77075        0.00000
        1.77300        0.00000
        1.77525        0.00000
        1.77750        0.00000
        1.77975        0.00000
        1.78200        0.00000
        1.78425        0.00000
        1.78650        0.00000
        1.78875        0.00000
        1.79100        0.00000
        1.79325        0.00000
        1.79550        0.00000
        1.79775        0.00000
        1.80000        0.00000
        1.80225        0.00000
        1.80450        0.00000
        1.80675        0.00000
        1.80900        0.00000
        1.81125        0.00000
        1.81350        0.00000
        1.81575        0.00000
        1.81800        0.00000
        1.82025        0.00000
        1.82250        0.00000
        1.82475        0.00000
        1.82700        0.00000
        1.82925        0.00000
        1.83150        0.00000
        1.83375        0.00000
        1.83600        0.00000
        1.83825        0.00000
        1.84050        0.00000
        1.84275        0.00000
        1.84500        0.00000
        1.84725        0.00000
        1.84950        0.00000
        1.85175        0.00000
        1.85400        0.00000
        1.85625        0.00000
        1.85850        0.00000
        1.86075        0.00000
        1.86300        0.00000
        1.86525        0.00000
        1.86750        0.00000
        1.86975        0.00000
        1.87200        0.00000
        1.87425        0.00000
        1.87650        0.00000
        1.87875        0.00000
        1.88100        0.00000
        1.88325        0.00000
        1.88550        0.00000
        1.88775        0.00000
        1.89000        0.00000
        1.89225        0.00000
        1.89450        0.00000
        1.89675        0.00000
        1.89900        0.00000
        1.90125        0.00000
        1.90350        0.00000
        1.90575        0.00000
        1.90800        0.00000
        1.91025        0.00000
        1.91250        0.00000
        1.91475        0.00000
        1.91700        0.00000
        1.91925        0.00000
        1.92150        0.00000
        1.92375        0.00000
        1.92600        0.00000
        1.92825        0.00000
        1.93050        0.00000
        1.93275        0.00000
        1.93500        0.00000
        1.93725        0.00000
        1.93950        0.00000
        1.94175        0.00000
        1.94400        0.00000
        1.94625        0.00000
        1.94850        0.00000
        1.95075        0.00000
        1.95300        0.00000
        1.95525        0.00000
        1.95750        0.00020
        1.95975        0.00000
        1.96200        0.00010
        1.96425        0.00010
        1.96650        0.00070
        1.96875        0.00080
        1.97100        0.00119
        1.97325        0.00168
        1.97550        0.00296
        1.97775        0.00532
        1.98000        0.00865
        1.98225        0.01275
        1.98450        0.02054
        1.98675        0.03026
        1.98900        0.04334
        1.99125        0.06413
        1.99350        0.09927
        1.99575        0.13503
        1.99800        0.18926
        2.00025        0.25941
        2.00250        0.36673
        2.00475        0.50203
        2.00700        0.66159
        2.00925        0.86996
        2.01150        1.11597
        2.01375        1.40923
        2.01600        1.77124
        2.01825        2.21524
        2.02050        2.70265
        2.02275        3.26576
        2.02500        3.83426
        2.02725        4.54937
        2.02950        5.25495
        2.03175        5.99155
        2.03400        6.74127
        2.03625        7.56924
        2.03850        8.17243
        2.04075        8.87284
        2.04300        9.50111
        2.04525       10.00401
        2.04750       10.30736
        2.04975       10.59248
        2.05200       10.80130
        2.05425       10.75693
        2.05650       10.62974
        2.05875       10.35591
        2.06100        9.97586
        2.06325        9.38576
        2.06550        8.81987
        2.06775        8.15064
        2.07000        7.43862
        2.07225        6.70383
        2.07450        5.98126
        2.07675        5.24330
        2.07900        4.59588
        2.08125        3.94484
        2.08350        3.29350
        2.08575        2.80631
        2.08800        2.27853
        2.09025        1.89745
        2.09250        1.51985
        2.09475        1.19796
        2.09700        0.95691
        2.09925        0.74679
        2.10150        0.56687
        2.10375        0.44022
        2.10600        0.33243
        2.10825        0.24427
        2.11050        0.18173
        2.11275        0.12938
        2.11500        0.09595
        2.11725        0.06463
        2.11950        0.04708
        2.12175        0.03286
        2.12400        0.02306
        2.12625        0.01466
        2.12850        0.01106
        2.13075        0.00619
        2.13300        0.00347
        2.13525        0.00262
        2.13750        0.00270
        2.13975        0.00118
        2.14200        0.00092
        2.14425        0.00008
        2.14650        0.00033
        2.14875        0.00025
        2.15100        0.00008
        2.15325        0.00000
        2.15550        0.00000
        2.15775        0.00008
        2.16000        0.00008
        2.16225        0.00000
        2.16450        0.00000
        2.16675        0.00000
        2.16900        0.00000
        2.17125        0.00000
        2.17350        0.00000
        2.17575        0.00000
        2.17800        0.00000
        2.18025        0.00000
        2.18250        0.00000
        2.18475        0.00000
        2.18700        0.00000
        2.18925        0.00000
        2.19150        0.00000
        2.19375        0.00000
        2.19600        0.00000
        2.19825        0.00000
        2.20050        0.00000
        2.20275        0.00000
        2.20500        0.00000
        2.20725        0.00000
        2.20950        0.00000
        2.21175        0.00000
        2.21400        0.00000
        2.21625        0.00000
        2.21850        0.00000
        2.22075        0.00000
        2.22300        0.00000
        2.22525        0.00000
        2.22750        0.00000
        2.22975        0.00000
        2.23200        0.00000
        2.23425        0.00000
        2.23650        0.00000
        2.23875        0.00000
        2.24100        0.00000
        2.24325        0.00000
        2.24550        0.00000
        2.24775        0.00000
        2.25000        0.00000
        2.25225        0.00000
        2.25450        0.00000
        2.25675        0.00000
        2.25900        0.00000
        2.26125        0.00000
        2.26350        0.00000
        2.26575        0.00000
        2.26800        0.00000
        2.27025        0.00000
        2.27250        0.00000
        2.27475        0.00000
        2.27700        0.00000
        2.27925        0.00000
        2.28150        0.00000
        2.28375        0.00007
        2.28600        0.00022
        2.28825        0.00059
        2.29050        0.00051
        2.29275        0.00154
        2.29500        0.00212
        2.29725        0.00358
        2.29950        0.00503
        2.30175        0.00858
        2.30400        0.01393
        2.30625        0.01659
        2.30850        0.02458
        2.31075        0.03572
        2.31300        0.05437
        2.31525        0.07504
        2.31750        0.10208
        2.31975        0.14548
        2.32200        0.19107
        2.32425        0.25853
        2.32650        0.33832
        2.32875        0.42718
        2.33100        0.54214
        2.33325        0.67747
        2.33550        0.83615
        2.33775        1.01078
        2.34000        1.22794
        2.34225        1.44876
        2.34450        1.69579
        2.34675        1.97782
        2.34900        2.23434
        2.35125        2.50478
        2.35350        2.79296
        2.35575        3.03790
        2.35800        3.26347
        2.36025        3.46300
        2.36250        3.69359
        2.36475        3.82725
        2.36700        3.93825
        2.36925        3.97504
        2.37150        3.95414
        2.37375        3.92368
        2.37600        3.81627
        2.37825        3.67507
        2.38050        3.49496
        2.38275        3.27447
        2.38500        3.06449
        2.38725        2.81251
        2.38950        2.55485
        2.39175        2.27715
        2.39400        1.99356
        2.39625        1.76800
        2.39850        1.52064
        2.40075        1.32227
        2.40300        1.08520
        2.40525        0.91782
        2.40750        0.75265
        2.40975        0.60482
        2.41200        0.49985
        2.41425        0.39488
        2.41650        0.30547
        2.41875        0.24781
        2.42100        0.18720
        2.42325        0.14277
        2.42550        0.10426
        2.42775        0.07569
        2.43000        0.05494
        2.43225        0.04103
        2.43450        0.03055
        2.43675        0.02161
        2.43900        0.01781
        2.44125        0.00924
        2.44350        0.00781
        2.44575        0.00625
        2.44800        0.00341
        2.45025        0.00218
        2.45250        0.00218
        2.45475        0.00109
        2.45700        0.00070
        2.45925        0.00019
        2.46150        0.00032
        2.46375        0.00019
        2.46600        0.00025
        2.46825        0.00000
        2.47050        0.00000
        2.47275        0.00000
        2.47500        0.00000
        2.47725        0.00000
        2.47950        0.00000
        2.48175        0.00000
        2.48400        0.00000
        2.48625        0.00000
        2.48850        0.00000
        2.49075        0.00000
        2.49300        0.00000
        2.49525        0.00000
        2.49750        0.00000
        2.49975        0.00000
        2.50200        0.00000
        2.50425        0.00000
        2.50650        0.00000
        2.50875        0.00000
        2.51100        0.00000
        2.51325        0.00000
        2.51550        0.00000
        2.51775        0.00000
        2.52000        0.00000
        2.52225        0.00000
        2.52450        0.00000
        2.52675        0.00000
        2.52900        0.00000
        2.53125        0.00000
        2.53350        0.00000
        2.53575        0.00000
        2.53800        0.00000
        2.54025        0.00000
        2.54250        0.00000
        2.54475        0.00006
        2.54700        0.00000
        2.54925        0.00000
        2.55150        0.00000
        2.55375        0.00006
        2.55600        0.00035
        2.55825        0.00077
        2.56050        0.00106
        2.56275        0.00141
        2.56500        0.00152
        2.56725        0.00240
        2.56950        0.00379
        2.57175        0.00565
        2.57400        0.00901
        2.57625        0.01370
        2.57850        0.01831
        2.58075        0.02829
        2.58300        0.03880
        2.58525        0.05367
        2.58750        0.07049
        2.58975        0.10110
        2.59200        0.12966
        2.59425        0.17838
        2.59650        0.23127
        2.59875        0.31199
        2.60100        0.40029
        2.60325        0.49829
        2.60550        0.62927
        2.60775        0.79339
        2.61000        0.96644
        2.61225        1.18164
        2.61450        1.43335
        2.61675        1.69133
        2.61900        2.01426
        2.62125        2.32240
        2.62350        2.68198
        2.62575        3.03178
        2.62800        3.41251
        2.63025        3.83983
        2.63250        4.17722
        2.63475        4.55831
        2.63700        4.89487
        2.63925        5.19505
        2.64150        5.45731
        2.64375        5.70754
        2.64600        5.85390
        2.64825        5.96794
        2.65050        5.98995
        2.65275        6.00186
        2.65500        5.88063
        2.65725        5.69667
        2.65950        5.47155
        2.66175        5.21108
        2.66400        4.92677
        2.66625        4.53958
        2.66850        4.20005
        2.67075        3.81688
        2.67300        3.43926
        2.67525        3.04056
        2.67750        2.67636
        2.67975        2.30956
        2.68200        2.02101
        2.68425        1.72535
        2.68650        1.44568
        2.68875        1.19305
        2.69100        0.98628
        2.69325        0.79974
        2.69550        0.65227
        2.69775        0.52397
        2.70000        0.39869
        2.70225        0.32770
        2.70450        0.24240
        2.70675        0.19094
        2.70900        0.13807
        2.71125        0.10571
        2.71350        0.07828
        2.71575        0.05767
        2.71800        0.04063
        2.72025        0.02744
        2.72250        0.01934
        2.72475        0.01417
        2.72700        0.01072
        2.72925        0.00719
        2.73150        0.00491
        2.73375        0.00294
        2.73600        0.00226
        2.73825        0.00128
        2.74050        0.00103
        2.74275        0.00077
        2.74500        0.00041
        2.74725        0.00020
        2.74950        0.00020
        2.75175        0.00015
        2.75400        0.00005
        2.75625        0.00000
        2.75850        0.00000
        2.76075        0.00005
        2.76300        0.00000
        2.76525        0.00000
        2.76750        0.00000
        2.76975        0.00000
        2.77200        0.00000
        2.77425        0.00000
        2.77650        0.00000
        2.77875        0.00000
        2.78100        0.00000
        2.78325        0.00000
        2.78550        0.00000
        2.78775        0.00000
        2.79000        0.00000
        2.79225        0.00000
        2.79450        0.00000
        2.79675        0.00000
        2.79900        0.00000
        2.80125        0.00000
        2.80350        0.00000
        2.80575        0.00000
        2.80800        0.00000
        2.81025        0.00005
        2.81250        0.00005
        2.81475        0.00015
        2.81700        0.00029
        2.81925        0.00039
        2.82150        0.00073
        2.82375        0.00068
        2.82600        0.00111
        2.82825        0.00164
        2.83050        0.00308
        2.83275        0.00394
        2.83500        0.00503
        2.83725        0.00928
        2.83950        0.01218
        2.84175        0.01698
        2.84400        0.02658
        2.84625        0.03215
        2.84850        0.04463
        2.85075        0.06059
        2.85300        0.08155
        2.85525        0.10392
        2.85750        0.13641
        2.85975        0.17614
        2.86200        0.21759
        2.86425        0.27181
        2.86650        0.33858
        2.86875        0.40710
        2.87100        0.49653
        2.87325        0.58629
        2.87550        0.68005
        2.87775        0.78906
        2.88000        0.89619
        2.88225        1.00865
        2.88450        1.14539
        2.88675        1.23787
        2.88900        1.35232
        2.89125        1.45156
        2.89350        1.54792
        2.89575        1.61122
        2.89800        1.66363
        2.90025        1.71793
        2.90250        1.74093
        2.90475        1.73079
        2.90700        1.70522
        2.90925        1.65666
        2.91150        1.59560
        2.91375        1.52970
        2.91600        1.43183
        2.91825        1.33530
        2.92050        1.22750
        2.92275        1.10447
        2.92500        0.99168
        2.92725        0.86592
        2.92950        0.75838
        2.93175        0.65483
        2.93400        0.57542
        2.93625        0.48816
        2.93850        0.40139
        2.94075        0.32918
        2.94300        0.26302
        2.94525        0.21861
        2.94750        0.17251
        2.94975        0.13669
        2.95200        0.11009
        2.95425        0.08374
        2.95650        0.06545
        2.95875        0.04436
        2.96100        0.03696
        2.96325        0.02580
        2.96550        0.01967
        2.96775        0.01444
        2.97000        0.00943
        2.97225        0.00706
        2.97450        0.00509
        2.97675        0.00309
        2.97900        0.00252
        2.98125        0.00134
        2.98350        0.00139
        2.98575        0.00043
        2.98800        0.00026
        2.99025        0.00034
        2.99250        0.00022
        2.99475        0.00017
        2.99700        0.00013
        2.99925        0.00000
        3.00150        0.00000
        3.00375        0.00000
        3.00600        0.00000
        3.00825        0.00000
        3.01050        0.00000
        3.01275        0.00000
        3.01500        0.00000
        3.01725        0.00000
        3.01950        0.00000
        3.02175        0.00000
        3.02400        0.00000
        3.02625        0.00000
        3.02850        0.00004
        3.03075        0.00000
        3.03300        0.00000
        3.03525        0.00004
        3.03750        0.00000
        3.03975        0.00021
        3.04200        0.00025
        3.04425        0.00037
        3.04650        0.00075
        3.04875        0.00091
        3.05100        0.00265
        3.05325        0.00360
        3.05550        0.00512
        3.05775        0.00618
        3.06000        0.01206
        3.06225        0.01578
        3.06450        0.02412
        3.06675        0.03482
        3.06900        0.04810
        3.07125        0.06519
        3.07350        0.09764
        3.07575        0.13582
        3.07800        0.18169
        3.08025        0.24425
        3.08250        0.31935
        3.08475        0.42367
        3.08700        0.55003
        3.08925        0.69784
        3.09150        0.90112
        3.09375        1.13182
        3.09600        1.39707
        3.09825        1.71127
        3.10050        2.06031
        3.10275        2.45832
        3.10500        2.90712
        3.10725        3.40035
        3.10950        3.91932
        3.11175        4.45259
        3.11400        5.01320
        3.11625        5.59781
        3.11850        6.14777
        3.12075        6.70725
        3.12300        7.18908
        3.12525        7.64099
        3.12750        8.04055
        3.12975        8.31611
        3.13200        8.52745
        3.13425        8.64950
        3.13650        8.71268
        3.13875        8.61815
        3.14100        8.44261
        3.14325        8.17659
        3.14550        7.83851
        3.14775        7.43206
        3.15000        6.96072
        3.15225        6.42921
        3.15450        5.87309
        3.15675        5.31104
        3.15900        4.74746
        3.16125        4.19982
        3.16350        3.67510
        3.16575        3.16559
        3.16800        2.71606
        3.17025        2.30702
        3.17250        1.92632
        3.17475        1.57249
        3.17700        1.29410
        3.17925        1.04604
        3.18150        0.83670
        3.18375        0.66246
        3.18600        0.51699
        3.18825        0.39672
        3.19050        0.30385
        3.19275        0.23705
        3.19500        0.17607
        3.19725        0.12618
        3.19950        0.09729
        3.20175        0.06746
        3.20400        0.05029
        3.20625        0.03583
        3.20850        0.02530
        3.21075        0.01603
        3.21300        0.01194
        3.21525        0.00820
        3.21750        0.00514
        3.21975        0.00308
        3.22200        0.00193
        3.22425        0.00182
        3.22650        0.00085
        3.22875        0.00070
        3.23100        0.00048
        3.23325        0.00041
        3.23550        0.00004
        3.23775        0.00011
        3.24000        0.00000
        3.24225        0.00000
        3.24450        0.00000
        3.24675        0.00000
        3.24900        0.00004
        3.25125        0.00000
        3.25350        0.00000
        3.25575        0.00015
        3.25800        0.00004
        3.26025        0.00007
        3.26250        0.00014
        3.26475        0.00043
        3.26700        0.00051
        3.26925        0.00083
        3.27150        0.00115
        3.27375        0.00133
        3.27600        0.00255
        3.27825        0.00294
        3.28050        0.00408
        3.28275        0.00615
        3.28500        0.00793
        3.28725        0.01112
        3.28950        0.01567
        3.29175        0.02030
        3.29400        0.02777
        3.29625        0.03617
        3.29850        0.04543
        3.30075        0.05867
        3.30300        0.07395
        3.30525        0.08979
        3.30750        0.11220
        3.30975        0.13678
        3.31200        0.16869
        3.31425        0.19982
        3.31650        0.23451
        3.31875        0.28407
        3.32100        0.32539
        3.32325        0.37407
        3.32550        0.43046
        3.32775        0.48324
        3.33000        0.53412
        3.33225        0.59241
        3.33450        0.64470
        3.33675        0.69961
        3.33900        0.74349
        3.34125        0.79556
        3.34350        0.84143
        3.34575        0.85971
        3.34800        0.88495
        3.35025        0.90333
        3.35250        0.89811
        3.35475        0.90221
        3.35700        0.88716
        3.35925        0.86729
        3.36150        0.83316
        3.36375        0.79221
        3.36600        0.74552
        3.36825        0.69443
        3.37050        0.64535
        3.37275        0.59974
        3.37500        0.53671
        3.37725        0.47992
        3.37950        0.42804
        3.38175        0.37896
        3.38400        0.32476
        3.38625        0.27944
        3.38850        0.23609
        3.39075        0.19895
        3.39300        0.16639
        3.39525        0.13719
        3.39750        0.11268
        3.39975        0.09390
        3.40200        0.07357
        3.40425        0.05735
        3.40650        0.04482
        3.40875        0.03647
        3.41100        0.02695
        3.41325        0.01984
        3.41550        0.01625
        3.41775        0.01141
        3.42000        0.00876
        3.42225        0.00661
        3.42450        0.00483
        3.42675        0.00361
        3.42900        0.00220
        3.43125        0.00134
        3.43350        0.00095
        3.43575        0.00095
        3.43800        0.00055
        3.44025        0.00046
        3.44250        0.00042
        3.44475        0.00006
        3.44700        0.00019
        3.44925        0.00003
        3.45150        0.00013
        3.45375        0.00023
        3.45600        0.00006
        3.45825        0.00013
        3.46050        0.00016
        3.46275        0.00051
        3.46500        0.00048
        3.46725        0.00096
        3.46950        0.00208
        3.47175        0.00230
        3.47400        0.00444
        3.47625        0.00583
        3.47850        0.00818
        3.48075        0.01243
        3.48300        0.01683
        3.48525        0.02430
        3.48750        0.03446
        3.48975        0.04685
        3.49200        0.06641
        3.49425        0.08561
        3.49650        0.11521
        3.49875        0.15164
        3.50100        0.19510
        3.50325        0.26599
        3.50550        0.33224
        3.50775        0.42171
        3.51000        0.52705
        3.51225        0.65137
        3.51450        0.80378
        3.51675        0.96832
        3.51900        1.16013
        3.52125        1.37177
        3.52350        1.61682
        3.52575        1.85836
        3.52800        2.16568
        3.53025        2.45246
        3.53250        2.74407
        3.53475        3.07184
        3.53700        3.39046
        3.53925        3.64900
        3.54150        3.94844
        3.54375        4.19438
        3.54600        4.42526
        3.54825        4.60451
        3.55050        4.77582
        3.55275        4.86424
        3.55500        4.90680
        3.55725        4.89323
        3.55950        4.82422
        3.56175        4.69510
        3.56400        4.54034
        3.56625        4.35343
        3.56850        4.13982
        3.57075        3.85942
        3.57300        3.60356
        3.57525        3.28686
        3.57750        2.96605
        3.57975        2.64700
        3.58200        2.34266
        3.58425        2.06960
        3.58650        1.80807
        3.58875        1.55049
        3.59100        1.30896
        3.59325        1.10785
        3.59550        0.91483
        3.59775        0.76695
        3.60000        0.62669
        3.60225        0.50533
        3.60450        0.39546
        3.60675        0.31074
        3.60900        0.24808
        3.61125        0.19365
        3.61350        0.14694
        3.61575        0.11019
        3.61800        0.08480
        3.62025        0.06053
        3.62250        0.04471
        3.62475        0.03451
        3.62700        0.02425
        3.62925        0.01770
        3.63150        0.01274
        3.63375        0.00855
        3.63600        0.00583
        3.63825        0.00431
        3.64050        0.00262
        3.64275        0.00168
        3.64500        0.00128
        3.64725        0.00055
        3.64950        0.00078
        3.65175        0.00040
        3.65400        0.00069
        3.65625        0.00043
        3.65850        0.00060
        3.66075        0.00103
        3.66300        0.00141
        3.66525        0.00155
        3.66750        0.00347
        3.66975        0.00429
        3.67200        0.00614
        3.67425        0.00868
        3.67650        0.01260
        3.67875        0.01774
        3.68100        0.02499
        3.68325        0.03388
        3.68550        0.04587
        3.68775        0.06434
        3.69000        0.08262
        3.69225        0.10697
        3.69450        0.13890
        3.69675        0.17936
        3.69900        0.23354
        3.70125        0.28770
        3.70350        0.36249
        3.70575        0.43511
        3.70800        0.53209
        3.71025        0.64334
        3.71250        0.76013
        3.71475        0.90012
        3.71700        1.05159
        3.71925        1.21573
        3.72150        1.39550
        3.72375        1.56752
        3.72600        1.75231
        3.72825        1.93901
        3.73050        2.11144
        3.73275        2.28636
        3.73500        2.45066
        3.73725        2.58674
        3.73950        2.72458
        3.74175        2.80080
        3.74400        2.88973
        3.74625        2.92845
        3.74850        2.93873
        3.75075        2.90166
        3.75300        2.86057
        3.75525        2.76220
        3.75750        2.66574
        3.75975        2.54080
        3.76200        2.38450
        3.76425        2.23458
        3.76650        2.05989
        3.76875        1.87561
        3.77100        1.68194
        3.77325        1.49260
        3.77550        1.33495
        3.77775        1.15610
        3.78000        0.99931
        3.78225        0.85974
        3.78450        0.72137
        3.78675        0.59945
        3.78900        0.50140
        3.79125        0.41305
        3.79350        0.33771
        3.79575        0.26404
        3.79800        0.21658
        3.80025        0.16612
        3.80250        0.13411
        3.80475        0.10034
        3.80700        0.07688
        3.80925        0.05809
        3.81150        0.04150
        3.81375        0.03245
        3.81600        0.02363
        3.81825        0.01723
        3.82050        0.01143
        3.82275        0.00830
        3.82500        0.00614
        3.82725        0.00410
        3.82950        0.00310
        3.83175        0.00186
        3.83400        0.00115
        3.83625        0.00086
        3.83850        0.00092
        3.84075        0.00060
        3.84300        0.00052
        3.84525        0.00096
        3.84750        0.00099
        3.84975        0.00179
        3.85200        0.00247
        3.85425        0.00428
        3.85650        0.00560
        3.85875        0.00862
        3.86100        0.01106
        3.86325        0.01647
        3.86550        0.02130
        3.86775        0.03018
        3.87000        0.04319
        3.87225        0.05599
        3.87450        0.07620
        3.87675        0.10036
        3.87900        0.13443
        3.88125        0.17281
        3.88350        0.22153
        3.88575        0.27185
        3.88800        0.34104
        3.89025        0.42643
        3.89250        0.52572
        3.89475        0.63557
        3.89700        0.74344
        3.89925        0.88978
        3.90150        1.03490
        3.90375        1.19108
        3.90600        1.37122
        3.90825        1.54091
        3.91050        1.71555
        3.91275        1.90221
        3.91500        2.06319
        3.91725        2.22640
        3.91950        2.36737
        3.92175        2.49572
        3.92400        2.59537
        3.92625        2.66707
        3.92850        2.72004
        3.93075        2.74393
        3.93300        2.72056
        3.93525        2.67509
        3.93750        2.62462
        3.93975        2.50200
        3.94200        2.38589
        3.94425        2.24984
        3.94650        2.08973
        3.94875        1.92400
        3.95100        1.75551
        3.95325        1.57126
        3.95550        1.40506
        3.95775        1.23111
        3.96000        1.06440
        3.96225        0.91783
        3.96450        0.78416
        3.96675        0.66598
        3.96900        0.55119
        3.97125        0.45661
        3.97350        0.36910
        3.97575        0.29851
        3.97800        0.23528
        3.98025        0.18709
        3.98250        0.14322
        3.98475        0.11581
        3.98700        0.08405
        3.98925        0.06435
        3.99150        0.04759
        3.99375        0.03350
        3.99600        0.02574
        3.99825        0.02008
        4.00050        0.01367
        4.00275        0.00940
        4.00500        0.00649
        4.00725        0.00487
        4.00950        0.00295
        4.01175        0.00235
        4.01400        0.00158
        4.01625        0.00139
        4.01850        0.00107
        4.02075        0.00138
        4.02300        0.00171
        4.02525        0.00288
        4.02750        0.00311
        4.02975        0.00434
        4.03200        0.00701
        4.03425        0.01027
        4.03650        0.01386
        4.03875        0.01868
        4.04100        0.02574
        4.04325        0.03655
        4.04550        0.04852
        4.04775        0.06401
        4.05000        0.08345
        4.05225        0.10990
        4.05450        0.14231
        4.05675        0.18305
        4.05900        0.22725
        4.06125        0.28960
        4.06350        0.34969
        4.06575        0.43826
        4.06800        0.52888
        4.07025        0.64073
        4.07250        0.74779
        4.07475        0.87240
        4.07700        0.99980
        4.07925        1.14882
        4.08150        1.30882
        4.08375        1.46526
        4.08600        1.61599
        4.08825        1.78802
        4.09050        1.92262
        4.09275        2.06780
        4.09500        2.17799
        4.09725        2.28142
        4.09950        2.37490
        4.10175        2.43317
        4.10400        2.48393
        4.10625        2.47696
        4.10850        2.45074
        4.11075        2.40695
        4.11300        2.34098
        4.11525        2.25291
        4.11750        2.12528
        4.11975        1.99843
        4.12200        1.84126
        4.12425        1.70924
        4.12650        1.54667
        4.12875        1.39640
        4.13100        1.23511
        4.13325        1.09282
        4.13550        0.95013
        4.13775        0.82088
        4.14000        0.69000
        4.14225        0.58286
        4.14450        0.48634
        4.14675        0.40329
        4.14900        0.32913
        4.15125        0.26508
        4.15350        0.21189
        4.15575        0.16820
        4.15800        0.13769
        4.16025        0.10384
        4.16250        0.07740
        4.16475        0.05844
        4.16700        0.04413
        4.16925        0.03243
        4.17150        0.02531
        4.17375        0.01674
        4.17600        0.01281
        4.17825        0.00916
        4.18050        0.00692
        4.18275        0.00575
        4.18500        0.00471
        4.18725        0.00525
        4.18950        0.00579
        4.19175        0.00822
        4.19400        0.01043
        4.19625        0.01367
        4.19850        0.01969
        4.20075        0.02864
        4.20300        0.03993
        4.20525        0.05440
        4.20750        0.07428
        4.20975        0.09594
        4.21200        0.13267
        4.21425        0.17639
        4.21650        0.22918
        4.21875        0.29799
        4.22100        0.38750
        4.22325        0.49522
        4.22550        0.61777
        4.22775        0.76863
        4.23000        0.94668
        4.23225        1.14841
        4.23450        1.39332
        4.23675        1.65614
        4.23900        1.94885
        4.24125        2.28848
        4.24350        2.64406
        4.24575        3.03747
        4.24800        3.41974
        4.25025        3.86082
        4.25250        4.28668
        4.25475        4.67843
        4.25700        5.08099
        4.25925        5.46085
        4.26150        5.80158
        4.26375        6.11248
        4.26600        6.33778
        4.26825        6.56240
        4.27050        6.67966
        4.27275        6.74636
        4.27500        6.70098
        4.27725        6.60247
        4.27950        6.45019
        4.28175        6.22454
        4.28400        5.94502
        4.28625        5.66371
        4.28850        5.29630
        4.29075        4.89337
        4.29300        4.46816
        4.29525        4.07872
        4.29750        3.67550
        4.29975        3.25102
        4.30200        2.85709
        4.30425        2.48858
        4.30650        2.15266
        4.30875        1.82326
        4.31100        1.53553
        4.31325        1.28444
        4.31550        1.06742
        4.31775        0.86872
        4.32000        0.70671
        4.32225        0.56483
        4.32450        0.45494
        4.32675        0.34930
        4.32900        0.27532
        4.33125        0.20896
        4.33350        0.15908
        4.33575        0.12147
        4.33800        0.09096
        4.34025        0.06577
        4.34250        0.04987
        4.34475        0.03586
        4.34700        0.02524
        4.34925        0.01756
        4.35150        0.01264
        4.35375        0.00888
        4.35600        0.00581
        4.35825        0.00402
        4.36050        0.00255
        4.36275        0.00160
        4.36500        0.00119
        4.36725        0.00081
        4.36950        0.00044
        4.37175        0.00028
        4.37400        0.00012
        4.37625        0.00018
        4.37850        0.00012
        4.38075        0.00008
        4.38300        0.00004
        4.38525        0.00002
        4.38750        0.00004
        4.38975        0.00000
        4.39200        0.00000
        4.39425        0.00000
        4.39650        0.00002
        4.39875        0.00000
        4.40100        0.00000
        4.40325        0.00000
        4.40550        0.00000
        4.40775        0.00000
        4.41000        0.00000
        4.41225        0.00000
        4.41450        0.00000
        4.41675        0.00000
        4.41900        0.00000
        4.42125        0.00000
        4.42350        0.00000
        4.42575        0.00000
        4.42800        0.00000
        4.43025        0.00000
        4.43250        0.00000
        4.43475        0.00000
        4.43700        0.00000
        4.43925        0.00000
        4.44150        0.00000
        4.44375        0.00000
        4.44600        0.00000
        4.44825        0.00000
        4.45050        0.00000
        4.45275        0.00000
        4.45500        0.00000
        4.45725        0.00000
        4.45950        0.00000
        4.46175        0.00000
        4.46400        0.00000
        4.46625        0.00000
        4.46850        0.00000
        4.47075        0.00000
        4.47300        0.00000
        4.47525        0.00000
        4.47750        0.00000
        4.47975        0.00002
        4.48200        0.00000
        4.48425        0.00010
        4.48650        0.00002
        4.48875        0.00004
        4.49100        0.00032
        4.49325        0.00025
        4.49550        0.00044
        4.49775        0.00063
        4.50000        0.00000
