        0.00225        0.00000
        0.00450        0.00000
        0.00675        0.00000
        0.00900        0.00000
        0.01125        0.00000
        0.01350        0.00000
        0.01575        0.00000
        0.01800        0.00000
        0.02025        0.00000
        0.02250        0.00000
        0.02475        0.00000
        0.02700        0.00000
        0.02925        0.00000
        0.03150        0.00000
        0.03375        0.00000
        0.03600        0.00000
        0.03825        0.00000
        0.04050        0.00000
        0.04275        0.00000
        0.04500        0.00000
        0.04725        0.00000
        0.04950        0.00000
        0.05175        0.00000
        0.05400        0.00000
        0.05625        0.00000
        0.05850        0.00000
        0.06075        0.00000
        0.06300        0.00000
        0.06525        0.00000
        0.06750        0.00000
        0.06975        0.00000
        0.07200        0.00000
        0.07425        0.00000
        0.07650        0.00000
        0.07875        0.00000
        0.08100        0.00000
        0.08325        0.00000
        0.08550        0.00000
        0.08775        0.00000
        0.09000        0.00000
        0.09225        0.00000
        0.09450        0.00000
        0.09675        0.00000
        0.09900        0.00000
        0.10125        0.00000
        0.10350        0.00000
        0.10575        0.00000
        0.10800        0.00000
        0.11025        0.00000
        0.11250        0.00000
        0.11475        0.00000
        0.11700        0.00000
        0.11925        0.00000
        0.12150        0.00000
        0.12375        0.00000
        0.12600        0.00000
        0.12825        0.00000
        0.13050        0.00000
        0.13275        0.00000
        0.13500        0.00000
        0.13725        0.00000
        0.13950        0.00000
        0.14175        0.00000
        0.14400        0.00000
        0.14625        0.00000
        0.14850        0.00000
        0.15075        0.00000
        0.15300        0.00000
        0.15525        0.00000
        0.15750        0.00000
        0.15975        0.00000
        0.16200        0.00000
        0.16425        0.00000
        0.16650        0.00000
        0.16875        0.00000
        0.17100        0.00000
        0.17325        0.00000
        0.17550        0.00000
        0.17775        0.00000
        0.18000        0.00000
        0.18225        0.00000
        0.18450        0.00000
        0.18675        0.00000
        0.18900        0.00000
        0.19125        0.00000
        0.19350        0.00000
        0.19575        0.00000
        0.19800        0.00000
        0.20025        0.00000
        0.20250        0.00000
        0.20475        0.00000
        0.20700        0.00000
        0.20925        0.00000
        0.21150        0.00000
        0.21375        0.00000
        0.21600        0.00000
        0.21825        0.00000
        0.22050        0.00000
        0.22275        0.00000
        0.22500        0.00000
        0.22725        0.00000
        0.22950        0.00000
        0.23175        0.00000
        0.23400        0.00000
        0.23625        0.00000
        0.23850        0.00000
        0.24075        0.00000
        0.24300        0.00000
        0.24525        0.00000
        0.24750        0.00000
        0.24975        0.00000
        0.25200        0.00000
        0.25425        0.00000
        0.25650        0.00000
        0.25875        0.00000
        0.26100        0.00000
        0.26325        0.00000
        0.26550        0.00000
        0.26775        0.00000
        0.27000        0.00000
        0.27225        0.00000
        0.27450        0.00000
        0.27675        0.00000
        0.27900        0.00000
        0.28125        0.00000
        0.28350        0.00000
        0.28575        0.00000
        0.28800        0.00000
        0.29025        0.00000
        0.29250        0.00000
        0.29475        0.00000
        0.29700        0.00000
        0.29925        0.00000
        0.30150        0.00000
        0.30375        0.00000
        0.30600        0.00000
        0.30825        0.00000
        0.31050        0.00000
        0.31275        0.00000
        0.31500        0.00000
        0.31725        0.00000
        0.31950        0.00000
        0.32175        0.00000
        0.32400        0.00000
        0.32625        0.00000
        0.32850        0.00000
        0.33075        0.00000
        0.33300        0.00000
        0.33525        0.00000
        0.33750        0.00000
        0.33975        0.00000
        0.34200        0.00000
        0.34425        0.00000
        0.34650        0.00000
        0.34875        0.00000
        0.35100        0.00000
        0.35325        0.00000
        0.35550        0.00000
        0.35775        0.00000
        0.36000        0.00000
        0.36225        0.00000
        0.36450        0.00000
        0.36675        0.00000
        0.36900        0.00000
        0.37125        0.00000
        0.37350        0.00000
        0.37575        0.00000
        0.37800        0.00000
        0.38025        0.00000
        0.38250        0.00000
        0.38475        0.00000
        0.38700        0.00000
        0.38925        0.00000
        0.39150        0.00000
        0.39375        0.00000
        0.39600        0.00000
        0.39825        0.00000
        0.40050        0.00000
        0.40275        0.00000
        0.40500        0.00000
        0.40725        0.00000
        0.40950        0.00000
        0.41175        0.00000
        0.41400        0.00000
        0.41625        0.00000
        0.41850        0.00000
        0.42075        0.00000
        0.42300        0.00000
        0.42525        0.00000
        0.42750        0.00000
        0.42975        0.00000
        0.43200        0.00000
        0.43425        0.00000
        0.43650        0.00000
        0.43875        0.00000
        0.44100        0.00000
        0.44325        0.00000
        0.44550        0.00000
        0.44775        0.00000
        0.45000        0.00000
        0.45225        0.00000
        0.45450        0.00000
        0.45675        0.00000
        0.45900        0.00000
        0.46125        0.00000
        0.46350        0.00000
        0.46575        0.00000
        0.46800        0.00000
        0.47025        0.00000
        0.47250        0.00000
        0.47475        0.00000
        0.47700        0.00000
        0.47925        0.00000
        0.48150        0.00000
        0.48375        0.00000
        0.48600        0.00000
        0.48825        0.00000
        0.49050        0.00000
        0.49275        0.00000
        0.49500        0.00000
        0.49725        0.00000
        0.49950        0.00000
        0.50175        0.00000
        0.50400        0.00000
        0.50625        0.00000
        0.50850        0.00000
        0.51075        0.00000
        0.51300        0.00000
        0.51525        0.00000
        0.51750        0.00000
        0.51975        0.00000
        0.52200        0.00000
        0.52425        0.00000
        0.52650        0.00000
        0.52875        0.00000
        0.53100        0.00000
        0.53325        0.00000
        0.53550        0.00000
        0.53775        0.00000
        0.54000        0.00000
        0.54225        0.00000
        0.54450        0.00000
        0.54675        0.00000
        0.54900        0.00000
        0.55125        0.00000
        0.55350        0.00000
        0.55575        0.00000
        0.55800        0.00000
        0.56025        0.00000
        0.56250        0.00000
        0.56475        0.00000
        0.56700        0.00000
        0.56925        0.00000
        0.57150        0.00000
        0.57375        0.00000
        0.57600        0.00000
        0.57825        0.00000
        0.58050        0.00000
        0.58275        0.00000
        0.58500        0.00000
        0.58725        0.00000
        0.58950        0.00000
        0.59175        0.00000
        0.59400        0.00000
        0.59625        0.00000
        0.59850        0.00000
        0.60075        0.00000
        0.60300        0.00000
        0.60525        0.00000
        0.60750        0.00000
        0.60975        0.00000
        0.61200        0.00000
        0.61425        0.00000
        0.61650        0.00000
        0.61875        0.00000
        0.62100        0.00000
        0.62325        0.00000
        0.62550        0.00000
        0.62775        0.00000
        0.63000        0.00000
        0.63225        0.00000
        0.63450        0.00000
        0.63675        0.00000
        0.63900        0.00000
        0.64125        0.00000
        0.64350        0.00000
        0.64575        0.00000
        0.64800        0.00000
        0.65025        0.00000
        0.65250        0.00000
        0.65475        0.00000
        0.65700        0.00000
        0.65925        0.00000
        0.66150        0.00000
        0.66375        0.00000
        0.66600        0.00000
        0.66825        0.00000
        0.67050        0.00000
        0.67275        0.00000
        0.67500        0.00000
        0.67725        0.00000
        0.67950        0.00000
        0.68175        0.00000
        0.68400        0.00000
        0.68625        0.00000
        0.68850        0.00000
        0.69075        0.00000
        0.69300        0.00000
        0.69525        0.00000
        0.69750        0.00000
        0.69975        0.00000
        0.70200        0.00000
        0.70425        0.00000
        0.70650        0.00000
        0.70875        0.00000
        0.71100        0.00000
        0.71325        0.00000
        0.71550        0.00000
        0.71775        0.00000
        0.72000        0.00000
        0.72225        0.00000
        0.72450        0.00000
        0.72675        0.00000
        0.72900        0.00000
        0.73125        0.00000
        0.73350        0.00000
        0.73575        0.00000
        0.73800        0.00000
        0.74025        0.00000
        0.74250        0.00000
        0.74475        0.00000
        0.74700        0.00000
        0.74925        0.00000
        0.75150        0.00000
        0.75375        0.00000
        0.75600        0.00000
        0.75825        0.00000
        0.76050        0.00000
        0.76275        0.00000
        0.76500        0.00000
        0.76725        0.00000
        0.76950        0.00000
        0.77175        0.00000
        0.77400        0.00000
        0.77625        0.00000
        0.77850        0.00000
        0.78075        0.00000
        0.78300        0.00000
        0.78525        0.00000
        0.78750        0.00000
        0.78975        0.00000
        0.79200        0.00000
        0.79425        0.00000
        0.79650        0.00000
        0.79875        0.00000
        0.80100        0.00000
        0.80325        0.00000
        0.80550        0.00000
        0.80775        0.00000
        0.81000        0.00000
        0.81225        0.00000
        0.81450        0.00000
        0.81675        0.00000
        0.81900        0.00000
        0.82125        0.00000
        0.82350        0.00000
        0.82575        0.00000
        0.82800        0.00000
        0.83025        0.00000
        0.83250        0.00000
        0.83475        0.00000
        0.83700        0.00000
        0.83925        0.00000
        0.84150        0.00000
        0.84375        0.00000
        0.84600        0.00000
        0.84825        0.00000
        0.85050        0.00000
        0.85275        0.00000
        0.85500        0.00000
        0.85725        0.00000
        0.85950        0.00000
        0.86175        0.00000
        0.86400        0.00000
        0.86625        0.00000
        0.86850        0.00000
        0.87075        0.00000
        0.87300        0.00000
        0.87525        0.00000
        0.87750        0.00013
        0.87975        0.00013
        0.88200        0.00013
        0.88425        0.00065
        0.88650        0.00000
        0.88875        0.00064
        0.89100        0.00077
        0.89325        0.00102
        0.89550        0.00114
        0.89775        0.00264
        0.90000        0.00363
        0.90225        0.00461
        0.90450        0.00595
        0.90675        0.00728
        0.90900        0.00847
        0.91125        0.01392
        0.91350        0.01579
        0.91575        0.02297
        0.91800        0.02358
        0.92025        0.03053
        0.92250        0.04039
        0.92475        0.04351
        0.92700        0.06312
        0.92925        0.06587
        0.93150        0.09032
        0.93375        0.10733
        0.93600        0.12267
        0.93825        0.13659
        0.94050        0.16024
        0.94275        0.18879
        0.94500        0.21185
        0.94725        0.24599
        0.94950        0.27496
        0.95175        0.31037
        0.95400        0.36172
        0.95625        0.40425
        0.95850        0.43591
        0.96075        0.47517
        0.96300        0.54030
        0.96525        0.58631
        0.96750        0.64587
        0.96975        0.71435
        0.97200        0.75108
        0.97425        0.82943
        0.97650        0.87814
        0.97875        0.95698
        0.98100        1.01212
        0.98325        1.07398
        0.98550        1.15228
        0.98775        1.22279
        0.99000        1.29317
        0.99225        1.36197
        0.99450        1.44582
        0.99675        1.50349
        0.99900        1.56408
        1.00125        1.64079
        1.00350        1.71560
        1.00575        1.76386
        1.00800        1.84381
        1.01025        1.92302
        1.01250        1.98233
        1.01475        2.04158
        1.01700        2.09539
        1.01925        2.17457
        1.02150        2.17249
        1.02375        2.25852
        1.02600        2.32597
        1.02825        2.34936
        1.03050        2.40222
        1.03275        2.42760
        1.03500        2.50820
        1.03725        2.52975
        1.03950        2.57361
        1.04175        2.58455
        1.04400        2.62170
        1.04625        2.65749
        1.04850        2.67358
        1.05075        2.70640
        1.05300        2.71615
        1.05525        2.73235
        1.05750        2.74576
        1.05975        2.75777
        1.06200        2.76497
        1.06425        2.78220
        1.06650        2.79856
        1.06875        2.80818
        1.07100        2.79789
        1.07325        2.82499
        1.07550        2.79811
        1.07775        2.80782
        1.08000        2.76606
        1.08225        2.76825
        1.08450        2.78953
        1.08675        2.80949
        1.08900        2.75584
        1.09125        2.76134
        1.09350        2.76101
        1.09575        2.71413
        1.09800        2.70849
        1.10025        2.67539
        1.10250        2.69176
        1.10475        2.65954
        1.10700        2.66727
        1.10925        2.61040
        1.11150        2.57736
        1.11375        2.61248
        1.11600        2.57469
        1.11825        2.56701
        1.12050        2.54549
        1.12275        2.49307
        1.12500        2.47910
        1.12725        2.45206
        1.12950        2.42164
        1.13175        2.42065
        1.13400        2.40136
        1.13625        2.34929
        1.13850        2.32993
        1.14075        2.30360
        1.14300        2.27662
        1.14525        2.23560
        1.14750        2.24186
        1.14975        2.21560
        1.15200        2.19305
        1.15425        2.13847
        1.15650        2.12629
        1.15875        2.10249
        1.16100        2.11435
        1.16325        2.07217
        1.16550        2.04551
        1.16775        1.99927
        1.17000        1.99774
        1.17225        1.97274
        1.17450        1.93101
        1.17675        1.92649
        1.17900        1.91090
        1.18125        1.86061
        1.18350        1.87526
        1.18575        1.83332
        1.18800        1.79255
        1.19025        1.77676
        1.19250        1.75267
        1.19475        1.72448
        1.19700        1.71730
        1.19925        1.69753
        1.20150        1.66154
        1.20375        1.63799
        1.20600        1.62986
        1.20825        1.61004
        1.21050        1.59216
        1.21275        1.58550
        1.21500        1.56164
        1.21725        1.54048
        1.21950        1.52396
        1.22175        1.50578
        1.22400        1.47603
        1.22625        1.47722
        1.22850        1.43789
        1.23075        1.41925
        1.23300        1.39654
        1.23525        1.41086
        1.23750        1.38839
        1.23975        1.36297
        1.24200        1.34522
        1.24425        1.32163
        1.24650        1.33115
        1.24875        1.31569
        1.25100        1.29814
        1.25325        1.27289
        1.25550        1.26428
        1.25775        1.25976
        1.26000        1.23617
        1.26225        1.22267
        1.26450        1.20253
        1.26675        1.18108
        1.26900        1.17494
        1.27125        1.15755
        1.27350        1.16084
        1.27575        1.15675
        1.27800        1.11227
        1.28025        1.12624
        1.28250        1.12673
        1.28475        1.09717
        1.28700        1.09597
        1.28925        1.08343
        1.29150        1.07716
        1.29375        1.04507
        1.29600        1.04181
        1.29825        1.02328
        1.30050        1.02112
        1.30275        1.01365
        1.30500        1.00724
        1.30725        1.00965
        1.30950        1.00075
        1.31175        0.97510
        1.31400        0.96942
        1.31625        0.94949
        1.31850        0.94176
        1.32075        0.93925
        1.32300        0.93554
        1.32525        0.92353
        1.32750        0.90930
        1.32975        0.91609
        1.33200        0.90654
        1.33425        0.88930
        1.33650        0.89363
        1.33875        0.87298
        1.34100        0.88404
        1.34325        0.85725
        1.34550        0.84851
        1.34775        0.84629
        1.35000        0.85043
        1.35225        0.82470
        1.35450        0.82948
        1.35675        0.81692
        1.35900        0.81576
        1.36125        0.82187
        1.36350        0.81818
        1.36575        0.78999
        1.36800        0.79937
        1.37025        0.79378
        1.37250        0.78413
        1.37475        0.77647
        1.37700        0.77532
        1.37925        0.76640
        1.38150        0.76534
        1.38375        0.76497
        1.38600        0.76053
        1.38825        0.75076
        1.39050        0.73905
        1.39275        0.73776
        1.39500        0.73413
        1.39725        0.73873
        1.39950        0.71860
        1.40175        0.73977
        1.40400        0.72084
        1.40625        0.73135
        1.40850        0.71195
        1.41075        0.71452
        1.41300        0.70473
        1.41525        0.70219
        1.41750        0.70294
        1.41975        0.70207
        1.42200        0.69579
        1.42425        0.68420
        1.42650        0.67805
        1.42875        0.68630
        1.43100        0.67454
        1.43325        0.67978
        1.43550        0.66687
        1.43775        0.67548
        1.44000        0.65777
        1.44225        0.67512
        1.44450        0.66116
        1.44675        0.66284
        1.44900        0.66175
        1.45125        0.65869
        1.45350        0.64335
        1.45575        0.65649
        1.45800        0.65212
        1.46025        0.64855
        1.46250        0.64669
        1.46475        0.64537
        1.46700        0.64707
        1.46925        0.64795
        1.47150        0.64049
        1.47375        0.62598
        1.47600        0.64106
        1.47825        0.62867
        1.48050        0.62704
        1.48275        0.62560
        1.48500        0.62573
        1.48725        0.62888
        1.48950        0.62703
        1.49175        0.62377
        1.49400        0.62489
        1.49625        0.62654
        1.49850        0.61983
        1.50075        0.61888
        1.50300        0.63395
        1.50525        0.61286
        1.50750        0.61147
        1.50975        0.61370
        1.51200        0.61338
        1.51425        0.61046
        1.51650        0.61147
        1.51875        0.61651
        1.52100        0.61211
        1.52325        0.61257
        1.52550        0.61865
        1.52775        0.61605
        1.53000        0.61554
        1.53225        0.61593
        1.53450        0.61921
        1.53675        0.61825
        1.53900        0.62060
        1.54125        0.61247
        1.54350        0.60171
        1.54575        0.61176
        1.54800        0.62504
        1.55025        0.61580
        1.55250        0.60985
        1.55475        0.61593
        1.55700        0.61047
        1.55925        0.60730
        1.56150        0.61852
        1.56375        0.61799
        1.56600        0.61485
        1.56825        0.61580
        1.57050        0.61980
        1.57275        0.61720
        1.57500        0.62631
        1.57725        0.62176
        1.57950        0.62393
        1.58175        0.62406
        1.58400        0.63029
        1.58625        0.62496
        1.58850        0.62632
        1.59075        0.62551
        1.59300        0.63198
        1.59525        0.62267
        1.59750        0.63061
        1.59975        0.63343
        1.60200        0.63244
        1.60425        0.63618
        1.60650        0.62769
        1.60875        0.63040
        1.61100        0.63395
        1.61325        0.64036
        1.61550        0.63349
        1.61775        0.64792
        1.62000        0.65014
        1.62225        0.64780
        1.62450        0.65100
        1.62675        0.64993
        1.62900        0.64898
        1.63125        0.65645
        1.63350        0.65441
        1.63575        0.65705
        1.63800        0.65906
        1.64025        0.65243
        1.64250        0.66387
        1.64475        0.66344
        1.64700        0.66496
        1.64925        0.67947
        1.65150        0.65855
        1.65375        0.66540
        1.65600        0.67553
        1.65825        0.68509
        1.66050        0.68964
        1.66275        0.68073
        1.66500        0.68361
        1.66725        0.68932
        1.66950        0.68953
        1.67175        0.69856
        1.67400        0.70530
        1.67625        0.69893
        1.67850        0.70292
        1.68075        0.71393
        1.68300        0.70851
        1.68525        0.71255
        1.68750        0.71371
        1.68975        0.72360
        1.69200        0.72823
        1.69425        0.72714
        1.69650        0.71923
        1.69875        0.74434
        1.70100        0.73761
        1.70325        0.74765
        1.70550        0.74543
        1.70775        0.74531
        1.71000        0.75646
        1.71225        0.75668
        1.71450        0.76042
        1.71675        0.76387
        1.71900        0.76599
        1.72125        0.76576
        1.72350        0.77397
        1.72575        0.77927
        1.72800        0.78037
        1.73025        0.78366
        1.73250        0.78396
        1.73475        0.79345
        1.73700        0.79193
        1.73925        0.80526
        1.74150        0.80128
        1.74375        0.80682
        1.74600        0.80983
        1.74825        0.82168
        1.75050        0.82340
        1.75275        0.81548
        1.75500        0.82913
        1.75725        0.82950
        1.75950        0.83517
        1.76175        0.84849
        1.76400        0.85395
        1.76625        0.86481
        1.76850        0.85743
        1.77075        0.86362
        1.77300        0.87246
        1.77525        0.86700
        1.77750        0.88336
        1.77975        0.88906
        1.78200        0.88222
        1.78425        0.89162
        1.78650        0.89074
        1.78875        0.90042
        1.79100        0.89860
        1.79325        0.90417
        1.79550        0.90882
        1.79775        0.91884
        1.80000        0.91958
        1.80225        0.93305
        1.80450        0.93247
        1.80675        0.93285
        1.80900        0.93757
        1.81125        0.95576
        1.81350        0.95678
        1.81575        0.94540
        1.81800        0.97058
        1.82025        0.96175
        1.82250        0.96237
        1.82475        0.97181
        1.82700        0.97291
        1.82925        0.97595
        1.83150        0.97449
        1.83375        0.99242
        1.83600        0.99137
        1.83825        0.99117
        1.84050        0.99907
        1.84275        1.00305
        1.84500        1.01466
        1.84725        1.02652
        1.84950        1.01759
        1.85175        1.01722
        1.85400        1.02522
        1.85625        1.03468
        1.85850        1.03362
        1.86075        1.05449
        1.86300        1.05238
        1.86525        1.05960
        1.86750        1.05641
        1.86975        1.04816
        1.87200        1.06482
        1.87425        1.07121
        1.87650        1.06338
        1.87875        1.07080
        1.88100        1.07678
        1.88325        1.08801
        1.88550        1.08741
        1.88775        1.09299
        1.89000        1.08571
        1.89225        1.09674
        1.89450        1.10586
        1.89675        1.10465
        1.89900        1.10766
        1.90125        1.11003
        1.90350        1.10632
        1.90575        1.11322
        1.90800        1.12063
        1.91025        1.12877
        1.91250        1.13562
        1.91475        1.14100
        1.91700        1.13455
        1.91925        1.13381
        1.92150        1.14470
        1.92375        1.14882
        1.92600        1.15209
        1.92825        1.14152
        1.93050        1.15146
        1.93275        1.15285
        1.93500        1.16146
        1.93725        1.16269
        1.93950        1.16365
        1.94175        1.16704
        1.94400        1.17719
        1.94625        1.16962
        1.94850        1.17525
        1.95075        1.18435
        1.95300        1.17787
        1.95525        1.18211
        1.95750        1.18723
        1.95975        1.19356
        1.96200        1.19548
        1.96425        1.19464
        1.96650        1.19977
        1.96875        1.20755
        1.97100        1.19944
        1.97325        1.20551
        1.97550        1.20811
        1.97775        1.21426
        1.98000        1.21220
        1.98225        1.21611
        1.98450        1.21809
        1.98675        1.21885
        1.98900        1.22355
        1.99125        1.22580
        1.99350        1.23023
        1.99575        1.21686
        1.99800        1.24458
        2.00025        1.23405
        2.00250        1.23242
        2.00475        1.24575
        2.00700        1.23591
        2.00925        1.23492
        2.01150        1.24329
        2.01375        1.24716
        2.01600        1.24942
        2.01825        1.24454
        2.02050        1.25350
        2.02275        1.24424
        2.02500        1.24486
        2.02725        1.24563
        2.02950        1.25781
        2.03175        1.26490
        2.03400        1.26105
        2.03625        1.25071
        2.03850        1.25583
        2.04075        1.25216
        2.04300        1.25679
        2.04525        1.24843
        2.04750        1.25376
        2.04975        1.25849
        2.05200        1.25564
        2.05425        1.26300
        2.05650        1.25492
        2.05875        1.26629
        2.06100        1.25763
        2.06325        1.26311
        2.06550        1.27017
        2.06775        1.26371
        2.07000        1.25607
        2.07225        1.26585
        2.07450        1.25284
        2.07675        1.25708
        2.07900        1.24550
        2.08125        1.24571
        2.08350        1.24524
        2.08575        1.26171
        2.08800        1.24992
        2.09025        1.25074
        2.09250        1.25173
        2.09475        1.24735
        2.09700        1.24572
        2.09925        1.24507
        2.10150        1.24587
        2.10375        1.24307
        2.10600        1.24222
        2.10825        1.24151
        2.11050        1.23311
        2.11275        1.22892
        2.11500        1.23750
        2.11725        1.22795
        2.11950        1.22521
        2.12175        1.23200
        2.12400        1.22468
        2.12625        1.22915
        2.12850        1.22044
        2.13075        1.21867
        2.13300        1.22252
        2.13525        1.22297
        2.13750        1.22266
        2.13975        1.21375
        2.14200        1.21797
        2.14425        1.21581
        2.14650        1.20549
        2.14875        1.20297
        2.15100        1.20083
        2.15325        1.20094
        2.15550        1.19383
        2.15775        1.19672
        2.16000        1.17802
        2.16225        1.18487
        2.16450        1.18140
        2.16675        1.18270
        2.16900        1.17633
        2.17125        1.17064
        2.17350        1.17262
        2.17575        1.16904
        2.17800        1.17607
        2.18025        1.17089
        2.18250        1.15575
        2.18475        1.15471
        2.18700        1.15397
        2.18925        1.14510
        2.19150        1.14432
        2.19375        1.14073
        2.19600        1.13435
        2.19825        1.14149
        2.20050        1.12507
        2.20275        1.12787
        2.20500        1.12757
        2.20725        1.12900
        2.20950        1.12787
        2.21175        1.11249
        2.21400        1.10651
        2.21625        1.11359
        2.21850        1.10983
        2.22075        1.10175
        2.22300        1.09708
        2.22525        1.09547
        2.22750        1.09103
        2.22975        1.08561
        2.23200        1.09476
        2.23425        1.08163
        2.23650        1.07992
        2.23875        1.07666
        2.24100        1.07022
        2.24325        1.06618
        2.24550        1.06320
        2.24775        1.07165
        2.25000        1.06568
        2.25225        1.05094
        2.25450        1.05016
        2.25675        1.04647
        2.25900        1.04377
        2.26125        1.04776
        2.26350        1.04125
        2.26575        1.03699
        2.26800        1.03769
        2.27025        1.02918
        2.27250        1.02299
        2.27475        1.02623
        2.27700        1.01425
        2.27925        1.01303
        2.28150        1.01698
        2.28375        1.01456
        2.28600        1.01075
        2.28825        1.00601
        2.29050        0.99984
        2.29275        0.99867
        2.29500        0.99958
        2.29725        0.99666
        2.29950        0.98906
        2.30175        0.98536
        2.30400        0.98598
        2.30625        0.98375
        2.30850        0.96857
        2.31075        0.97094
        2.31300        0.97044
        2.31525        0.96503
        2.31750        0.95750
        2.31975        0.96416
        2.32200        0.96000
        2.32425        0.95116
        2.32650        0.94823
        2.32875        0.95509
        2.33100        0.95381
        2.33325        0.94357
        2.33550        0.94430
        2.33775        0.93991
        2.34000        0.94764
        2.34225        0.94552
        2.34450        0.93144
        2.34675        0.93398
        2.34900        0.93324
        2.35125        0.93388
        2.35350        0.92819
        2.35575        0.92109
        2.35800        0.93056
        2.36025        0.92305
        2.36250        0.92351
        2.36475        0.91285
        2.36700        0.91715
        2.36925        0.91011
        2.37150        0.90828
        2.37375        0.89925
        2.37600        0.90592
        2.37825        0.90352
        2.38050        0.89559
        2.38275        0.89078
        2.38500        0.90401
        2.38725        0.89783
        2.38950        0.89362
        2.39175        0.89061
        2.39400        0.89686
        2.39625        0.89588
        2.39850        0.89122
        2.40075        0.88447
        2.40300        0.88548
        2.40525        0.88109
        2.40750        0.87577
        2.40975        0.88568
        2.41200        0.87810
        2.41425        0.87433
        2.41650        0.87296
        2.41875        0.88071
        2.42100        0.87307
        2.42325        0.87289
        2.42550        0.87049
        2.42775        0.86960
        2.43000        0.86937
        2.43225        0.86820
        2.43450        0.86824
        2.43675        0.87016
        2.43900        0.85303
        2.44125        0.86772
        2.44350        0.86225
        2.44575        0.86356
        2.44800        0.85778
        2.45025        0.85994
        2.45250        0.85895
        2.45475        0.85855
        2.45700        0.86172
        2.45925        0.84924
        2.46150        0.85683
        2.46375        0.85496
        2.46600        0.84989
        2.46825        0.85704
        2.47050        0.85929
        2.47275        0.85683
        2.47500        0.85944
        2.47725        0.85672
        2.47950        0.85141
        2.48175        0.85005
        2.48400        0.85495
        2.48625        0.86062
        2.48850        0.84954
        2.49075        0.85214
        2.49300        0.85030
        2.49525        0.85232
        2.49750        0.85041
        2.49975        0.85430
        2.50200        0.85281
        2.50425        0.84650
        2.50650        0.85174
        2.50875        0.84891
        2.51100        0.85014
        2.51325        0.84711
        2.51550        0.85705
        2.51775        0.85008
        2.52000        0.85158
        2.52225        0.85792
        2.52450        0.85052
        2.52675        0.85215
        2.52900        0.85518
        2.53125        0.84694
        2.53350        0.84897
        2.53575        0.85828
        2.53800        0.86093
        2.54025        0.85649
        2.54250        0.85726
        2.54475        0.85665
        2.54700        0.85277
        2.54925        0.85575
        2.55150        0.85671
        2.55375        0.85767
        2.55600        0.85607
        2.55825        0.86596
        2.56050        0.86930
        2.56275        0.85988
        2.56500        0.86355
        2.56725        0.86282
        2.56950        0.87018
        2.57175        0.86491
        2.57400        0.86909
        2.57625        0.86463
        2.57850        0.86904
        2.58075        0.86183
        2.58300        0.87899
        2.58525        0.86998
        2.58750        0.87442
        2.58975        0.86979
        2.59200        0.87291
        2.59425        0.87525
        2.59650        0.87658
        2.59875        0.87625
        2.60100        0.87629
        2.60325        0.87967
        2.60550        0.88865
        2.60775        0.87744
        2.61000        0.87721
        2.61225        0.89289
        2.61450        0.88569
        2.61675        0.89373
        2.61900        0.88587
        2.62125        0.89462
        2.62350        0.89519
        2.62575        0.89973
        2.62800        0.89766
        2.63025        0.90214
        2.63250        0.90298
        2.63475        0.89869
        2.63700        0.89566
        2.63925        0.89981
        2.64150        0.90146
        2.64375        0.90720
        2.64600        0.91269
        2.64825        0.91255
        2.65050        0.91154
        2.65275        0.91312
        2.65500        0.91302
        2.65725        0.92147
        2.65950        0.91688
        2.66175        0.92394
        2.66400        0.91922
        2.66625        0.92211
        2.66850        0.92225
        2.67075        0.93616
        2.67300        0.93065
        2.67525        0.92784
        2.67750        0.93050
        2.67975        0.93554
        2.68200        0.92975
        2.68425        0.93296
        2.68650        0.94154
        2.68875        0.94211
        2.69100        0.94686
        2.69325        0.94321
        2.69550        0.94359
        2.69775        0.94784
        2.70000        0.95301
        2.70225        0.94955
        2.70450        0.95242
        2.70675        0.95218
        2.70900        0.95319
        2.71125        0.96313
        2.71350        0.96236
        2.71575        0.96024
        2.71800        0.96170
        2.72025        0.96836
        2.72250        0.96576
        2.72475        0.96904
        2.72700        0.96825
        2.72925        0.96905
        2.73150        0.97477
        2.73375        0.98078
        2.73600        0.97481
        2.73825        0.98508
        2.74050        0.97797
        2.74275        0.97961
        2.74500        0.98403
        2.74725        0.99322
        2.74950        0.99133
        2.75175        0.99108
        2.75400        0.98883
        2.75625        0.99845
        2.75850        0.99456
        2.76075        0.99463
        2.76300        0.99403
        2.76525        1.00147
        2.76750        1.00465
        2.76975        1.00093
        2.77200        1.00272
        2.77425        1.00823
        2.77650        1.01086
        2.77875        1.01394
        2.78100        1.01479
        2.78325        1.01695
        2.78550        1.01760
        2.78775        1.01931
        2.79000        1.03012
        2.79225        1.02243
        2.79450        1.02493
        2.79675        1.02460
        2.79900        1.01859
        2.80125        1.02511
        2.80350        1.02726
        2.80575        1.03267
        2.80800        1.03614
        2.81025        1.03220
        2.81250        1.03557
        2.81475        1.03196
        2.81700        1.04056
        2.81925        1.03810
        2.82150        1.04207
        2.82375        1.04448
        2.82600        1.04237
        2.82825        1.04405
        2.83050        1.04245
        2.83275        1.04558
        2.83500        1.04910
        2.83725        1.05791
        2.83950        1.04727
        2.84175        1.05376
        2.84400        1.05151
        2.84625        1.06300
        2.84850        1.06252
        2.85075        1.04858
        2.85300        1.06063
        2.85525        1.06659
        2.85750        1.06348
        2.85975        1.06805
        2.86200        1.06563
        2.86425        1.05903
        2.86650        1.05763
        2.86875        1.06373
        2.87100        1.07219
        2.87325        1.05779
        2.87550        1.06909
        2.87775        1.07313
        2.88000        1.06785
        2.88225        1.07867
        2.88450        1.07193
        2.88675        1.07131
        2.88900        1.07313
        2.89125        1.07952
        2.89350        1.07883
        2.89575        1.07289
        2.89800        1.07410
        2.90025        1.07822
        2.90250        1.07340
        2.90475        1.07858
        2.90700        1.08316
        2.90925        1.08102
        2.91150        1.08506
        2.91375        1.08036
        2.91600        1.08830
        2.91825        1.08138
        2.92050        1.07880
        2.92275        1.08378
        2.92500        1.07949
        2.92725        1.08222
        2.92950        1.08101
        2.93175        1.08637
        2.93400        1.08687
        2.93625        1.08642
        2.93850        1.07983
        2.94075        1.09062
        2.94300        1.08742
        2.94525        1.09167
        2.94750        1.08945
        2.94975        1.09110
        2.95200        1.08605
        2.95425        1.08575
        2.95650        1.08975
        2.95875        1.08221
        2.96100        1.08967
        2.96325        1.09194
        2.96550        1.08948
        2.96775        1.08561
        2.97000        1.08800
        2.97225        1.08780
        2.97450        1.08673
        2.97675        1.08795
        2.97900        1.08692
        2.98125        1.09128
        2.98350        1.08180
        2.98575        1.09067
        2.98800        1.09025
        2.99025        1.08787
        2.99250        1.08617
        2.99475        1.08692
        2.99700        1.08673
        2.99925        1.08652
        3.00150        1.08661
        3.00375        1.08283
        3.00600        1.08423
        3.00825        1.08111
        3.01050        1.08133
        3.01275        1.07615
        3.01500        1.08317
        3.01725        1.07925
        3.01950        1.07826
        3.02175        1.07904
        3.02400        1.08019
        3.02625        1.07956
        3.02850        1.07462
        3.03075        1.07832
        3.03300        1.08365
        3.03525        1.07828
        3.03750        1.07747
        3.03975        1.08003
        3.04200        1.07652
        3.04425        1.06972
        3.04650        1.07505
        3.04875        1.07740
        3.05100        1.07504
        3.05325        1.08100
        3.05550        1.07501
        3.05775        1.07033
        3.06000        1.07247
        3.06225        1.07354
        3.06450        1.07484
        3.06675        1.06936
        3.06900        1.07169
        3.07125        1.07206
        3.07350        1.07083
        3.07575        1.07256
        3.07800        1.06912
        3.08025        1.06582
        3.08250        1.07053
        3.08475        1.06661
        3.08700        1.06431
        3.08925        1.06038
        3.09150        1.06294
        3.09375        1.06756
        3.09600        1.05584
        3.09825        1.05783
        3.10050        1.05331
        3.10275        1.05654
        3.10500        1.05438
        3.10725        1.05552
        3.10950        1.05424
        3.11175        1.05298
        3.11400        1.05694
        3.11625        1.05699
        3.11850        1.04893
        3.12075        1.05626
        3.12300        1.04523
        3.12525        1.04777
        3.12750        1.04697
        3.12975        1.05017
        3.13200        1.04833
        3.13425        1.04340
        3.13650        1.04310
        3.13875        1.04316
        3.14100        1.04595
        3.14325        1.03951
        3.14550        1.04108
        3.14775        1.03599
        3.15000        1.04330
        3.15225        1.03842
        3.15450        1.03369
        3.15675        1.03624
        3.15900        1.02954
        3.16125        1.03362
        3.16350        1.03323
        3.16575        1.03036
        3.16800        1.02568
        3.17025        1.03452
        3.17250        1.02967
        3.17475        1.02917
        3.17700        1.02518
        3.17925        1.01845
        3.18150        1.02645
        3.18375        1.02171
        3.18600        1.01364
        3.18825        1.02744
        3.19050        1.01743
        3.19275        1.01767
        3.19500        1.01362
        3.19725        1.01778
        3.19950        1.01761
        3.20175        1.01388
        3.20400        1.01463
        3.20625        1.01035
        3.20850        1.00742
        3.21075        1.00368
        3.21300        1.00540
        3.21525        1.01279
        3.21750        1.01036
        3.21975        1.00697
        3.22200        0.99865
        3.22425        1.00059
        3.22650        1.00324
        3.22875        1.00459
        3.23100        0.99993
        3.23325        0.99999
        3.23550        0.99457
        3.23775        0.99771
        3.24000        0.99632
        3.24225        0.99727
        3.24450        0.99329
        3.24675        0.99334
        3.24900        0.99328
        3.25125        0.99320
        3.25350        0.99360
        3.25575        0.98803
        3.25800        0.99251
        3.26025        0.98666
        3.26250        0.98940
        3.26475        0.98181
        3.26700        0.98516
        3.26925        0.98617
        3.27150        0.98873
        3.27375        0.98262
        3.27600        0.97924
        3.27825        0.97840
        3.28050        0.98194
        3.28275        0.97953
        3.28500        0.97559
        3.28725        0.97287
        3.28950        0.97786
        3.29175        0.97720
        3.29400        0.97645
        3.29625        0.97516
        3.29850        0.97892
        3.30075        0.97466
        3.30300        0.96359
        3.30525        0.96986
        3.30750        0.96853
        3.30975        0.96951
        3.31200        0.96873
        3.31425        0.96945
        3.31650        0.96183
        3.31875        0.96275
        3.32100        0.96181
        3.32325        0.96376
        3.32550        0.96418
        3.32775        0.96638
        3.33000        0.96308
        3.33225        0.96668
        3.33450        0.96454
        3.33675        0.96280
        3.33900        0.96056
        3.34125        0.96271
        3.34350        0.96038
        3.34575        0.95717
        3.34800        0.95550
        3.35025        0.95597
        3.35250        0.95590
        3.35475        0.95698
        3.35700        0.95725
        3.35925        0.95525
        3.36150        0.95199
        3.36375        0.95611
        3.36600        0.95223
        3.36825        0.95287
        3.37050        0.95269
        3.37275        0.95254
        3.37500        0.95142
        3.37725        0.94994
        3.37950        0.94873
        3.38175        0.95535
        3.38400        0.95184
        3.38625        0.94696
        3.38850        0.95091
        3.39075        0.94808
        3.39300        0.94485
        3.39525        0.94866
        3.39750        0.94885
        3.39975        0.94783
        3.40200        0.94911
        3.40425        0.94399
        3.40650        0.95074
        3.40875        0.94563
        3.41100        0.94284
        3.41325        0.94764
        3.41550        0.94020
        3.41775        0.94516
        3.42000        0.94000
        3.42225        0.94299
        3.42450        0.94013
        3.42675        0.94042
        3.42900        0.94603
        3.43125        0.93929
        3.43350        0.94818
        3.43575        0.94895
        3.43800        0.94715
        3.44025        0.94261
        3.44250        0.94614
        3.44475        0.94504
        3.44700        0.93854
        3.44925        0.94115
        3.45150        0.94214
        3.45375        0.94588
        3.45600        0.94735
        3.45825        0.94803
        3.46050        0.94624
        3.46275        0.94332
        3.46500        0.94181
        3.46725        0.94308
        3.46950        0.94013
        3.47175        0.95230
        3.47400        0.94413
        3.47625        0.94113
        3.47850        0.94467
        3.48075        0.94385
        3.48300        0.94805
        3.48525        0.94796
        3.48750        0.94896
        3.48975        0.94506
        3.49200        0.95096
        3.49425        0.94768
        3.49650        0.94149
        3.49875        0.94735
        3.50100        0.95386
        3.50325        0.94421
        3.50550        0.94280
        3.50775        0.94684
        3.51000        0.95258
        3.51225        0.94675
        3.51450        0.95239
        3.51675        0.94923
        3.51900        0.94855
        3.52125        0.95010
        3.52350        0.95449
        3.52575        0.95490
        3.52800        0.94751
        3.53025        0.94944
        3.53250        0.94828
        3.53475        0.95546
        3.53700        0.95169
        3.53925        0.95596
        3.54150        0.95271
        3.54375        0.95390
        3.54600        0.95744
        3.54825        0.95703
        3.55050        0.95284
        3.55275        0.95271
        3.55500        0.95528
        3.55725        0.95222
        3.55950        0.95655
        3.56175        0.95448
        3.56400        0.95531
        3.56625        0.96061
        3.56850        0.95751
        3.57075        0.95884
        3.57300        0.96371
        3.57525        0.96490
        3.57750        0.96913
        3.57975        0.96320
        3.58200        0.96074
        3.58425        0.96441
        3.58650        0.95760
        3.58875        0.96318
        3.59100        0.96483
        3.59325        0.96319
        3.59550        0.96871
        3.59775        0.96476
        3.60000        0.97204
        3.60225        0.96584
        3.60450        0.96276
        3.60675        0.97234
        3.60900        0.96974
        3.61125        0.96839
        3.61350        0.97428
        3.61575        0.96979
        3.61800        0.97224
        3.62025        0.97469
        3.62250        0.96971
        3.62475        0.97594
        3.62700        0.97739
        3.62925        0.97691
        3.63150        0.97421
        3.63375        0.97400
        3.63600        0.98009
        3.63825        0.98156
        3.64050        0.98061
        3.64275        0.98217
        3.64500        0.98381
        3.64725        0.98732
        3.64950        0.98344
        3.65175        0.98334
        3.65400        0.98782
        3.65625        0.98941
        3.65850        0.98499
        3.66075        0.98500
        3.66300        0.98497
        3.66525        0.98600
        3.66750        0.98750
        3.66975        0.98842
        3.67200        0.98666
        3.67425        0.99480
        3.67650        0.99028
        3.67875        0.98990
        3.68100        0.99283
        3.68325        0.99886
        3.68550        0.99443
        3.68775        0.99970
        3.69000        0.99710
        3.69225        0.99559
        3.69450        1.00301
        3.69675        1.00147
        3.69900        1.00022
        3.70125        0.99347
        3.70350        1.00095
        3.70575        1.00342
        3.70800        1.00213
        3.71025        0.99611
        3.71250        1.00352
        3.71475        1.00292
        3.71700        1.00354
        3.71925        1.00251
        3.72150        1.00400
        3.72375        1.00403
        3.72600        1.00768
        3.72825        1.01350
        3.73050        1.00725
        3.73275        1.00860
        3.73500        1.00798
        3.73725        1.00839
        3.73950        1.01112
        3.74175        1.01369
        3.74400        1.01100
        3.74625        1.01013
        3.74850        1.01580
        3.75075        1.01289
        3.75300        1.01499
        3.75525        1.01854
        3.75750        1.01577
        3.75975        1.01187
        3.76200        1.01043
        3.76425        1.01574
        3.76650        1.01698
        3.76875        1.01786
        3.77100        1.01299
        3.77325        1.01751
        3.77550        1.02062
        3.77775        1.02046
        3.78000        1.02100
        3.78225        1.02017
        3.78450        1.02130
        3.78675        1.01966
        3.78900        1.02714
        3.79125        1.01994
        3.79350        1.01997
        3.79575        1.02822
        3.79800        1.02045
        3.80025        1.02381
        3.80250        1.03016
        3.80475        1.02275
        3.80700        1.02829
        3.80925        1.02699
        3.81150        1.02725
        3.81375        1.02623
        3.81600        1.02555
        3.81825        1.02722
        3.82050        1.02870
        3.82275        1.03235
        3.82500        1.02952
        3.82725        1.02936
        3.82950        1.02919
        3.83175        1.03095
        3.83400        1.02965
        3.83625        1.02928
        3.83850        1.03313
        3.84075        1.03461
        3.84300        1.02871
        3.84525        1.03230
        3.84750        1.03110
        3.84975        1.03087
        3.85200        1.03499
        3.85425        1.02981
        3.85650        1.03507
        3.85875        1.02993
        3.86100        1.03445
        3.86325        1.03180
        3.86550        1.03502
        3.86775        1.04000
        3.87000        1.02851
        3.87225        1.03546
        3.87450        1.03565
        3.87675        1.03558
        3.87900        1.03427
        3.88125        1.03408
        3.88350        1.03550
        3.88575        1.03416
        3.88800        1.03347
        3.89025        1.03800
        3.89250        1.03951
        3.89475        1.03821
        3.89700        1.03413
        3.89925        1.03460
        3.90150        1.04104
        3.90375        1.03278
        3.90600        1.03763
        3.90825        1.03507
        3.91050        1.03972
        3.91275        1.03135
        3.91500        1.03808
        3.91725        1.03492
        3.91950        1.03937
        3.92175        1.03744
        3.92400        1.03302
        3.92625        1.03717
        3.92850        1.03767
        3.93075        1.03024
        3.93300        1.03483
        3.93525        1.03479
        3.93750        1.03553
        3.93975        1.03649
        3.94200        1.03203
        3.94425        1.03159
        3.94650        1.03379
        3.94875        1.03357
        3.95100        1.03160
        3.95325        1.03162
        3.95550        1.03343
        3.95775        1.03518
        3.96000        1.03017
        3.96225        1.03651
        3.96450        1.02973
        3.96675        1.02891
        3.96900        1.03410
        3.97125        1.03758
        3.97350        1.03117
        3.97575        1.03069
        3.97800        1.03602
        3.98025        1.03156
        3.98250        1.03211
        3.98475        1.03297
        3.98700        1.02820
        3.98925        1.02839
        3.99150        1.03102
        3.99375        1.02978
        3.99600        1.02891
        3.99825        1.02722
        4.00050        1.02896
        4.00275        1.02912
        4.00500        1.02450
        4.00725        1.02263
        4.00950        1.02590
        4.01175        1.02831
        4.01400        1.02760
        4.01625        1.02232
        4.01850        1.02864
        4.02075        1.02848
        4.02300        1.02198
        4.02525        1.02691
        4.02750        1.01985
        4.02975        1.02104
        4.03200        1.02694
        4.03425        1.02738
        4.03650        1.02169
        4.03875        1.02019
        4.04100        1.02483
        4.04325        1.02235
        4.04550        1.02348
        4.04775        1.02198
        4.05000        1.02006
        4.05225        1.02460
        4.05450        1.01749
        4.05675        1.01949
        4.05900        1.02319
        4.06125        1.01961
        4.06350        1.02432
        4.06575        1.01640
        4.06800        1.01805
        4.07025        1.01871
        4.07250        1.01389
        4.07475        1.01776
        4.07700        1.01317
        4.07925        1.01641
        4.08150        1.01567
        4.08375        1.01573
        4.08600        1.01346
        4.08825        1.01395
        4.09050        1.01564
        4.09275        1.00699
        4.09500        1.01709
        4.09725        1.01726
        4.09950        1.00751
        4.10175        1.01247
        4.10400        1.01244
        4.10625        1.00953
        4.10850        1.00565
        4.11075        1.00926
        4.11300        1.00777
        4.11525        1.00913
        4.11750        1.00410
        4.11975        1.00912
        4.12200        1.00488
        4.12425        1.00560
        4.12650        1.00662
        4.12875        1.00862
        4.13100        1.00384
        4.13325        1.00391
        4.13550        1.00610
        4.13775        1.00548
        4.14000        1.00824
        4.14225        1.00110
        4.14450        1.00598
        4.14675        0.99971
        4.14900        1.00669
        4.15125        1.00120
        4.15350        1.00159
        4.15575        1.00319
        4.15800        0.99668
        4.16025        1.00103
        4.16250        1.00027
        4.16475        0.99820
        4.16700        1.00279
        4.16925        0.99493
        4.17150        0.99221
        4.17375        0.99813
        4.17600        0.99338
        4.17825        1.00113
        4.18050        0.99584
        4.18275        0.99625
        4.18500        0.99310
        4.18725        0.99337
        4.18950        0.99400
        4.19175        0.99579
        4.19400        0.99385
        4.19625        0.99384
        4.19850        0.99765
        4.20075        0.99197
        4.20300        0.99244
        4.20525        0.99539
        4.20750        0.99259
        4.20975        0.99286
        4.21200        0.98918
        4.21425        0.99223
        4.21650        0.99069
        4.21875        0.99684
        4.22100        0.98823
        4.22325        0.99180
        4.22550        0.98491
        4.22775        0.98609
        4.23000        0.98782
        4.23225        0.99437
        4.23450        0.98922
        4.23675        0.98365
        4.23900        0.98559
        4.24125        0.98681
        4.24350        0.98832
        4.24575        0.98278
        4.24800        0.98773
        4.25025        0.98715
        4.25250        0.98806
        4.25475        0.98282
        4.25700        0.98656
        4.25925        0.98638
        4.26150        0.98219
        4.26375        0.98261
        4.26600        0.98569
        4.26825        0.98680
        4.27050        0.98519
        4.27275        0.98371
        4.27500        0.98241
        4.27725        0.98081
        4.27950        0.98593
        4.28175        0.98325
        4.28400        0.97838
        4.28625        0.98280
        4.28850        0.98108
        4.29075        0.98182
        4.29300        0.98220
        4.29525        0.98639
        4.29750        0.98060
        4.29975        0.98268
        4.30200        0.98197
        4.30425        0.98004
        4.30650        0.98230
        4.30875        0.97860
        4.31100        0.97736
        4.31325        0.97756
        4.31550        0.98235
        4.31775        0.97728
        4.32000        0.97609
        4.32225        0.98067
        4.32450        0.98304
        4.32675        0.97889
        4.32900        0.97511
        4.33125        0.98155
        4.33350        0.97404
        4.33575        0.98037
        4.33800        0.97765
        4.34025        0.97854
        4.34250        0.97833
        4.34475        0.98142
        4.34700        0.97906
        4.34925        0.97757
        4.35150        0.97912
        4.35375        0.97668
        4.35600        0.97558
        4.35825        0.97816
        4.36050        0.97933
        4.36275        0.97602
        4.36500        0.97587
        4.36725        0.98000
        4.36950        0.97712
        4.37175        0.98009
        4.37400        0.97865
        4.37625        0.97861
        4.37850        0.97517
        4.38075        0.97965
        4.38300        0.98013
        4.38525        0.97839
        4.38750        0.97652
        4.38975        0.97783
        4.39200        0.97823
        4.39425        0.97859
        4.39650        0.98116
        4.39875        0.97173
        4.40100        0.97826
        4.40325        0.97692
        4.40550        0.97728
        4.40775        0.97825
        4.41000        0.97329
        4.41225        0.97382
        4.41450        0.98054
        4.41675        0.97875
        4.41900        0.97984
        4.42125        0.97781
        4.42350        0.97569
        4.42575        0.97421
        4.42800        0.97679
        4.43025        0.97747
        4.43250        0.97973
        4.43475        0.97835
        4.43700        0.98245
        4.43925        0.97872
        4.44150        0.98269
        4.44375        0.97927
        4.44600        0.97772
        4.44825        0.97850
        4.45050        0.97829
        4.45275        0.98149
        4.45500        0.97996
        4.45725        0.98295
        4.45950        0.98251
        4.46175        0.98063
        4.46400        0.98315
        4.46625        0.98037
        4.46850        0.97969
        4.47075        0.97973
        4.47300        0.98237
        4.47525        0.98186
        4.47750        0.98047
        4.47975        0.98095
        4.48200        0.98664
        4.48425        0.98295
        4.48650        0.97583
        4.48875        0.96812
        4.49100        0.94895
        4.49325        0.89812
        4.49550        0.82335
        4.49775        0.70874
        4.50000        0.00000
