        0.00225        0.00000
        0.00450        0.00000
        0.00675        0.00000
        0.00900        0.00000
        0.01125        0.00000
        0.01350        0.00000
        0.01575        0.00000
        0.01800        0.00000
        0.02025        0.00000
        0.02250        0.00000
        0.02475        0.00000
        0.02700        0.00000
        0.02925        0.00000
        0.03150        0.00000
        0.03375        0.00000
        0.03600        0.00000
        0.03825        0.00000
        0.04050        0.00000
        0.04275        0.00000
        0.04500        0.00000
        0.04725        0.00000
        0.04950        0.00000
        0.05175        0.00000
        0.05400        0.00000
        0.05625        0.00000
        0.05850        0.00000
        0.06075        0.00000
        0.06300        0.00000
        0.06525        0.00000
        0.06750        0.00000
        0.06975        0.00000
        0.07200        0.00000
        0.07425        0.00000
        0.07650        0.00000
        0.07875        0.00000
        0.08100        0.00000
        0.08325        0.00000
        0.08550        0.00000
        0.08775        0.00000
        0.09000        0.00000
        0.09225        0.00000
        0.09450        0.00000
        0.09675        0.00000
        0.09900        0.00000
        0.10125        0.00000
        0.10350        0.00000
        0.10575        0.00000
        0.10800        0.00000
        0.11025        0.00000
        0.11250        0.00000
        0.11475        0.00000
        0.11700        0.00000
        0.11925        0.00000
        0.12150        0.00000
        0.12375        0.00000
        0.12600        0.00000
        0.12825        0.00000
        0.13050        0.00000
        0.13275        0.00000
        0.13500        0.00000
        0.13725        0.00000
        0.13950        0.00000
        0.14175        0.00000
        0.14400        0.00000
        0.14625        0.00000
        0.14850        0.00000
        0.15075        0.00000
        0.15300        0.00000
        0.15525        0.00000
        0.15750        0.00000
        0.15975        0.00000
        0.16200        0.00000
        0.16425        0.00000
        0.16650        0.00000
        0.16875        0.00000
        0.17100        0.00000
        0.17325        0.00000
        0.17550        0.00000
        0.17775        0.00000
        0.18000        0.00000
        0.18225        0.00000
        0.18450        0.00000
        0.18675        0.00000
        0.18900        0.00000
        0.19125        0.00000
        0.19350        0.00000
        0.19575        0.00000
        0.19800        0.00000
        0.20025        0.00000
        0.20250        0.00000
        0.20475        0.00000
        0.20700        0.00000
        0.20925        0.00000
        0.21150        0.00000
        0.21375        0.00000
        0.21600        0.00000
        0.21825        0.00000
        0.22050        0.00000
        0.22275        0.00000
        0.22500        0.00000
        0.22725        0.00000
        0.22950        0.00000
        0.23175        0.00000
        0.23400        0.00000
        0.23625        0.00000
        0.23850        0.00000
        0.24075        0.00000
        0.24300        0.00000
        0.24525        0.00000
        0.24750        0.00000
        0.24975        0.00000
        0.25200        0.00000
        0.25425        0.00000
        0.25650        0.00000
        0.25875        0.00000
        0.26100        0.00000
        0.26325        0.00000
        0.26550        0.00000
        0.26775        0.00000
        0.27000        0.00000
        0.27225        0.00000
        0.27450        0.00000
        0.27675        0.00000
        0.27900        0.00000
        0.28125        0.00000
        0.28350        0.00000
        0.28575        0.00000
        0.28800        0.00000
        0.29025        0.00000
        0.29250        0.00000
        0.29475        0.00000
        0.29700        0.00000
        0.29925        0.00000
        0.30150        0.00000
        0.30375        0.00000
        0.30600        0.00000
        0.30825        0.00000
        0.31050        0.00000
        0.31275        0.00000
        0.31500        0.00000
        0.31725        0.00000
        0.31950        0.00000
        0.32175        0.00000
        0.32400        0.00000
        0.32625        0.00000
        0.32850        0.00000
        0.33075        0.00000
        0.33300        0.00000
        0.33525        0.00000
        0.33750        0.00000
        0.33975        0.00000
        0.34200        0.00000
        0.34425        0.00000
        0.34650        0.00000
        0.34875        0.00000
        0.35100        0.00000
        0.35325        0.00000
        0.35550        0.00000
        0.35775        0.00000
        0.36000        0.00000
        0.36225        0.00000
        0.36450        0.00000
        0.36675        0.00000
        0.36900        0.00000
        0.37125        0.00000
        0.37350        0.00000
        0.37575        0.00000
        0.37800        0.00000
        0.38025        0.00000
        0.38250        0.00000
        0.38475        0.00000
        0.38700        0.00000
        0.38925        0.00000
        0.39150        0.00000
        0.39375        0.00000
        0.39600        0.00000
        0.39825        0.00000
        0.40050        0.00000
        0.40275        0.00000
        0.40500        0.00000
        0.40725        0.00000
        0.40950        0.00000
        0.41175        0.00000
        0.41400        0.00000
        0.41625        0.00000
        0.41850        0.00000
        0.42075        0.00000
        0.42300        0.00000
        0.42525        0.00000
        0.42750        0.00000
        0.42975        0.00000
        0.43200        0.00000
        0.43425        0.00000
        0.43650        0.00000
        0.43875        0.00000
        0.44100        0.00000
        0.44325        0.00000
        0.44550        0.00000
        0.44775        0.00000
        0.45000        0.00000
        0.45225        0.00000
        0.45450        0.00000
        0.45675        0.00000
        0.45900        0.00000
        0.46125        0.00000
        0.46350        0.00000
        0.46575        0.00000
        0.46800        0.00000
        0.47025        0.00000
        0.47250        0.00000
        0.47475        0.00000
        0.47700        0.00000
        0.47925        0.00000
        0.48150        0.00000
        0.48375        0.00000
        0.48600        0.00000
        0.48825        0.00000
        0.49050        0.00000
        0.49275        0.00000
        0.49500        0.00000
        0.49725        0.00000
        0.49950        0.00000
        0.50175        0.00000
        0.50400        0.00000
        0.50625        0.00000
        0.50850        0.00000
        0.51075        0.00000
        0.51300        0.00000
        0.51525        0.00000
        0.51750        0.00000
        0.51975        0.00000
        0.52200        0.00000
        0.52425        0.00000
        0.52650        0.00000
        0.52875        0.00000
        0.53100        0.00000
        0.53325        0.00000
        0.53550        0.00000
        0.53775        0.00000
        0.54000        0.00000
        0.54225        0.00000
        0.54450        0.00000
        0.54675        0.00000
        0.54900        0.00000
        0.55125        0.00000
        0.55350        0.00000
        0.55575        0.00000
        0.55800        0.00000
        0.56025        0.00000
        0.56250        0.00000
        0.56475        0.00000
        0.56700        0.00000
        0.56925        0.00000
        0.57150        0.00000
        0.57375        0.00000
        0.57600        0.00000
        0.57825        0.00000
        0.58050        0.00000
        0.58275        0.00000
        0.58500        0.00000
        0.58725        0.00000
        0.58950        0.00000
        0.59175        0.00000
        0.59400        0.00000
        0.59625        0.00000
        0.59850        0.00000
        0.60075        0.00000
        0.60300        0.00000
        0.60525        0.00000
        0.60750        0.00000
        0.60975        0.00000
        0.61200        0.00000
        0.61425        0.00000
        0.61650        0.00000
        0.61875        0.00000
        0.62100        0.00000
        0.62325        0.00000
        0.62550        0.00000
        0.62775        0.00000
        0.63000        0.00000
        0.63225        0.00000
        0.63450        0.00000
        0.63675        0.00000
        0.63900        0.00000
        0.64125        0.00000
        0.64350        0.00000
        0.64575        0.00000
        0.64800        0.00000
        0.65025        0.00000
        0.65250        0.00000
        0.65475        0.00000
        0.65700        0.00000
        0.65925        0.00000
        0.66150        0.00000
        0.66375        0.00000
        0.66600        0.00000
        0.66825        0.00000
        0.67050        0.00000
        0.67275        0.00000
        0.67500        0.00000
        0.67725        0.00000
        0.67950        0.00000
        0.68175        0.00000
        0.68400        0.00000
        0.68625        0.00000
        0.68850        0.00000
        0.69075        0.00000
        0.69300        0.00000
        0.69525        0.00000
        0.69750        0.00000
        0.69975        0.00000
        0.70200        0.00000
        0.70425        0.00000
        0.70650        0.00000
        0.70875        0.00000
        0.71100        0.00000
        0.71325        0.00000
        0.71550        0.00000
        0.71775        0.00000
        0.72000        0.00000
        0.72225        0.00000
        0.72450        0.00000
        0.72675        0.00000
        0.72900        0.00000
        0.73125        0.00000
        0.73350        0.00000
        0.73575        0.00000
        0.73800        0.00000
        0.74025        0.00000
        0.74250        0.00000
        0.74475        0.00000
        0.74700        0.00000
        0.74925        0.00000
        0.75150        0.00000
        0.75375        0.00000
        0.75600        0.00000
        0.75825        0.00000
        0.76050        0.00000
        0.76275        0.00000
        0.76500        0.00000
        0.76725        0.00000
        0.76950        0.00000
        0.77175        0.00000
        0.77400        0.00000
        0.77625        0.00000
        0.77850        0.00000
        0.78075        0.00000
        0.78300        0.00000
        0.78525        0.00000
        0.78750        0.00000
        0.78975        0.00000
        0.79200        0.00000
        0.79425        0.00000
        0.79650        0.00000
        0.79875        0.00000
        0.80100        0.00000
        0.80325        0.00000
        0.80550        0.00000
        0.80775        0.00000
        0.81000        0.00000
        0.81225        0.00000
        0.81450        0.00000
        0.81675        0.00000
        0.81900        0.00000
        0.82125        0.00000
        0.82350        0.00000
        0.82575        0.00000
        0.82800        0.00000
        0.83025        0.00000
        0.83250        0.00000
        0.83475        0.00000
        0.83700        0.00000
        0.83925        0.00000
        0.84150        0.00000
        0.84375        0.00000
        0.84600        0.00000
        0.84825        0.00000
        0.85050        0.00000
        0.85275        0.00000
        0.85500        0.00000
        0.85725        0.00000
        0.85950        0.00000
        0.86175        0.00000
        0.86400        0.00000
        0.86625        0.00000
        0.86850        0.00000
        0.87075        0.00000
        0.87300        0.00000
        0.87525        0.00000
        0.87750        0.00000
        0.87975        0.00000
        0.88200        0.00000
        0.88425        0.00000
        0.88650        0.00000
        0.88875        0.00000
        0.89100        0.00000
        0.89325        0.00000
        0.89550        0.00000
        0.89775        0.00000
        0.90000        0.00000
        0.90225        0.00000
        0.90450        0.00000
        0.90675        0.00000
        0.90900        0.00000
        0.91125        0.00000
        0.91350        0.00000
        0.91575        0.00000
        0.91800        0.00000
        0.92025        0.00000
        0.92250        0.00000
        0.92475        0.00000
        0.92700        0.00000
        0.92925        0.00000
        0.93150        0.00000
        0.93375        0.00000
        0.93600        0.00000
        0.93825        0.00000
        0.94050        0.00000
        0.94275        0.00000
        0.94500        0.00000
        0.94725        0.00000
        0.94950        0.00011
        0.95175        0.00011
        0.95400        0.00022
        0.95625        0.00011
        0.95850        0.00000
        0.96075        0.00022
        0.96300        0.00087
        0.96525        0.00054
        0.96750        0.00054
        0.96975        0.00162
        0.97200        0.00204
        0.97425        0.00224
        0.97650        0.00223
        0.97875        0.00455
        0.98100        0.00664
        0.98325        0.00734
        0.98550        0.01232
        0.98775        0.01351
        0.99000        0.01645
        0.99225        0.02338
        0.99450        0.02973
        0.99675        0.03521
        0.99900        0.04328
        1.00125        0.05299
        1.00350        0.06444
        1.00575        0.08189
        1.00800        0.09569
        1.01025        0.10749
        1.01250        0.13678
        1.01475        0.15764
        1.01700        0.18801
        1.01925        0.22037
        1.02150        0.24680
        1.02375        0.28963
        1.02600        0.33806
        1.02825        0.36928
        1.03050        0.41932
        1.03275        0.48147
        1.03500        0.54469
        1.03725        0.60669
        1.03950        0.66346
        1.04175        0.74271
        1.04400        0.79589
        1.04625        0.88333
        1.04850        0.96642
        1.05075        1.05182
        1.05300        1.14462
        1.05525        1.21613
        1.05750        1.31295
        1.05975        1.41201
        1.06200        1.51481
        1.06425        1.62362
        1.06650        1.70128
        1.06875        1.79220
        1.07100        1.92628
        1.07325        2.01908
        1.07550        2.13634
        1.07775        2.24535
        1.08000        2.31380
        1.08225        2.43576
        1.08450        2.54997
        1.08675        2.62759
        1.08900        2.73839
        1.09125        2.80417
        1.09350        2.90227
        1.09575        3.01981
        1.09800        3.11602
        1.10025        3.17356
        1.10250        3.28832
        1.10475        3.34688
        1.10700        3.41238
        1.10925        3.49315
        1.11150        3.57224
        1.11375        3.62673
        1.11600        3.65274
        1.11825        3.75732
        1.12050        3.81331
        1.12275        3.79973
        1.12500        3.85152
        1.12725        3.88890
        1.12950        3.94001
        1.13175        3.97518
        1.13400        3.99206
        1.13625        4.01593
        1.13850        4.04262
        1.14075        4.04476
        1.14300        4.05439
        1.14525        4.08539
        1.14750        4.06061
        1.14975        4.03775
        1.15200        4.04423
        1.15425        4.03418
        1.15650        4.01388
        1.15875        4.00548
        1.16100        3.99238
        1.16325        3.94271
        1.16550        3.95720
        1.16775        3.92725
        1.17000        3.90068
        1.17225        3.85768
        1.17450        3.82285
        1.17675        3.80305
        1.17900        3.77396
        1.18125        3.69187
        1.18350        3.68878
        1.18575        3.65143
        1.18800        3.61369
        1.19025        3.53742
        1.19250        3.50027
        1.19475        3.47638
        1.19700        3.40494
        1.19925        3.34417
        1.20150        3.30848
        1.20375        3.27471
        1.20600        3.20911
        1.20825        3.14730
        1.21050        3.10268
        1.21275        3.05829
        1.21500        3.01010
        1.21725        2.93835
        1.21950        2.89146
        1.22175        2.83694
        1.22400        2.78578
        1.22625        2.72688
        1.22850        2.67740
        1.23075        2.61260
        1.23300        2.56453
        1.23525        2.52802
        1.23750        2.47256
        1.23975        2.42335
        1.24200        2.35470
        1.24425        2.29099
        1.24650        2.26498
        1.24875        2.19538
        1.25100        2.16799
        1.25325        2.09605
        1.25550        2.05297
        1.25775        2.00026
        1.26000        1.94893
        1.26225        1.91539
        1.26450        1.85411
        1.26675        1.80078
        1.26900        1.76096
        1.27125        1.72908
        1.27350        1.67546
        1.27575        1.63592
        1.27800        1.57541
        1.28025        1.55757
        1.28250        1.50958
        1.28475        1.46535
        1.28700        1.42295
        1.28925        1.37176
        1.29150        1.33629
        1.29375        1.30008
        1.29600        1.27149
        1.29825        1.21788
        1.30050        1.19634
        1.30275        1.17985
        1.30500        1.13018
        1.30725        1.09390
        1.30950        1.06247
        1.31175        1.02643
        1.31400        0.99749
        1.31625        0.96353
        1.31850        0.95669
        1.32075        0.90618
        1.32300        0.88792
        1.32525        0.84987
        1.32750        0.83048
        1.32975        0.79998
        1.33200        0.77476
        1.33425        0.73849
        1.33650        0.72545
        1.33875        0.70107
        1.34100        0.67430
        1.34325        0.66002
        1.34550        0.64006
        1.34775        0.62163
        1.35000        0.58601
        1.35225        0.57874
        1.35450        0.54764
        1.35675        0.54643
        1.35900        0.51866
        1.36125        0.50956
        1.36350        0.49016
        1.36575        0.48012
        1.36800        0.45199
        1.37025        0.43976
        1.37250        0.43133
        1.37475        0.40873
        1.37700        0.40306
        1.37925        0.38895
        1.38150        0.37393
        1.38375        0.35980
        1.38600        0.34559
        1.38825        0.34153
        1.39050        0.33067
        1.39275        0.30875
        1.39500        0.31124
        1.39725        0.29513
        1.39950        0.28994
        1.40175        0.27626
        1.40400        0.27558
        1.40625        0.26275
        1.40850        0.25824
        1.41075        0.24600
        1.41300        0.24547
        1.41525        0.23978
        1.41750        0.23398
        1.41975        0.22811
        1.42200        0.22473
        1.42425        0.21582
        1.42650        0.21693
        1.42875        0.20537
        1.43100        0.20780
        1.43325        0.19545
        1.43550        0.20064
        1.43775        0.19437
        1.44000        0.19303
        1.44225        0.19009
        1.44450        0.19217
        1.44675        0.19070
        1.44900        0.18919
        1.45125        0.18779
        1.45350        0.18956
        1.45575        0.18998
        1.45800        0.18300
        1.46025        0.18496
        1.46250        0.18937
        1.46475        0.18727
        1.46700        0.19217
        1.46925        0.18458
        1.47150        0.19525
        1.47375        0.19690
        1.47600        0.19509
        1.47825        0.20173
        1.48050        0.19973
        1.48275        0.20743
        1.48500        0.20620
        1.48725        0.21713
        1.48950        0.21460
        1.49175        0.22416
        1.49400        0.22312
        1.49625        0.23169
        1.49850        0.23271
        1.50075        0.24056
        1.50300        0.24308
        1.50525        0.24897
        1.50750        0.25363
        1.50975        0.26097
        1.51200        0.26840
        1.51425        0.26641
        1.51650        0.28515
        1.51875        0.28698
        1.52100        0.28907
        1.52325        0.29993
        1.52550        0.30270
        1.52775        0.31059
        1.53000        0.32206
        1.53225        0.33230
        1.53450        0.33843
        1.53675        0.34495
        1.53900        0.35884
        1.54125        0.36642
        1.54350        0.37054
        1.54575        0.38207
        1.54800        0.38574
        1.55025        0.40031
        1.55250        0.40407
        1.55475        0.40416
        1.55700        0.42131
        1.55925        0.43649
        1.56150        0.44974
        1.56375        0.45152
        1.56600        0.45725
        1.56825        0.47783
        1.57050        0.47930
        1.57275        0.48760
        1.57500        0.50325
        1.57725        0.51262
        1.57950        0.51323
        1.58175        0.53005
        1.58400        0.53832
        1.58625        0.54320
        1.58850        0.55102
        1.59075        0.55912
        1.59300        0.56581
        1.59525        0.58414
        1.59750        0.58309
        1.59975        0.60205
        1.60200        0.60728
        1.60425        0.62015
        1.60650        0.61814
        1.60875        0.63463
        1.61100        0.64278
        1.61325        0.64387
        1.61550        0.65350
        1.61775        0.66915
        1.62000        0.67723
        1.62225        0.67943
        1.62450        0.68908
        1.62675        0.68702
        1.62900        0.71038
        1.63125        0.70792
        1.63350        0.70518
        1.63575        0.71874
        1.63800        0.72394
        1.64025        0.72780
        1.64250        0.72938
        1.64475        0.74177
        1.64700        0.73848
        1.64925        0.74664
        1.65150        0.75159
        1.65375        0.74673
        1.65600        0.75498
        1.65825        0.74534
        1.66050        0.75965
        1.66275        0.75506
        1.66500        0.76041
        1.66725        0.75625
        1.66950        0.76810
        1.67175        0.76332
        1.67400        0.75801
        1.67625        0.76821
        1.67850        0.75773
        1.68075        0.75818
        1.68300        0.75318
        1.68525        0.75578
        1.68750        0.74785
        1.68975        0.75080
        1.69200        0.75107
        1.69425        0.73707
        1.69650        0.74748
        1.69875        0.73756
        1.70100        0.73582
        1.70325        0.72486
        1.70550        0.72284
        1.70775        0.70690
        1.71000        0.70791
        1.71225        0.70301
        1.71450        0.70141
        1.71675        0.70036
        1.71900        0.68059
        1.72125        0.67723
        1.72350        0.67281
        1.72575        0.67476
        1.72800        0.65141
        1.73025        0.65429
        1.73250        0.64043
        1.73475        0.64440
        1.73700        0.62815
        1.73925        0.62263
        1.74150        0.61798
        1.74375        0.60915
        1.74600        0.59595
        1.74825        0.58741
        1.75050        0.58815
        1.75275        0.58123
        1.75500        0.56812
        1.75725        0.56408
        1.75950        0.54989
        1.76175        0.55280
        1.76400        0.54699
        1.76625        0.53494
        1.76850        0.51604
        1.77075        0.51357
        1.77300        0.51178
        1.77525        0.49932
        1.77750        0.49610
        1.77975        0.48144
        1.78200        0.48798
        1.78425        0.47685
        1.78650        0.46723
        1.78875        0.45889
        1.79100        0.45518
        1.79325        0.45558
        1.79550        0.45105
        1.79775        0.44653
        1.80000        0.44313
        1.80225        0.44021
        1.80450        0.42959
        1.80675        0.42902
        1.80900        0.42352
        1.81125        0.42806
        1.81350        0.41951
        1.81575        0.41832
        1.81800        0.41949
        1.82025        0.42604
        1.82250        0.41712
        1.82475        0.41877
        1.82700        0.41740
        1.82925        0.41622
        1.83150        0.42297
        1.83375        0.42428
        1.83600        0.43254
        1.83825        0.43082
        1.84050        0.43677
        1.84275        0.44678
        1.84500        0.45058
        1.84725        0.45664
        1.84950        0.45894
        1.85175        0.47089
        1.85400        0.47736
        1.85625        0.48818
        1.85850        0.49630
        1.86075        0.50752
        1.86300        0.51950
        1.86525        0.52434
        1.86750        0.54273
        1.86975        0.54757
        1.87200        0.57845
        1.87425        0.58422
        1.87650        0.59408
        1.87875        0.61504
        1.88100        0.62827
        1.88325        0.65015
        1.88550        0.66731
        1.88775        0.68051
        1.89000        0.70126
        1.89225        0.72275
        1.89450        0.74186
        1.89675        0.76414
        1.89900        0.79008
        1.90125        0.81079
        1.90350        0.83682
        1.90575        0.85498
        1.90800        0.87443
        1.91025        0.90685
        1.91250        0.93993
        1.91475        0.96651
        1.91700        0.99155
        1.91925        0.99933
        1.92150        1.03505
        1.92375        1.06663
        1.92600        1.08819
        1.92825        1.11963
        1.93050        1.15628
        1.93275        1.18189
        1.93500        1.19862
        1.93725        1.23044
        1.93950        1.26543
        1.94175        1.28662
        1.94400        1.32254
        1.94625        1.34641
        1.94850        1.37284
        1.95075        1.40879
        1.95300        1.43436
        1.95525        1.46124
        1.95750        1.48799
        1.95975        1.51536
        1.96200        1.55073
        1.96425        1.57879
        1.96650        1.61351
        1.96875        1.62978
        1.97100        1.64804
        1.97325        1.68696
        1.97550        1.73165
        1.97775        1.74111
        1.98000        1.75208
        1.98225        1.78985
        1.98450        1.80444
        1.98675        1.82645
        1.98900        1.86273
        1.99125        1.89248
        1.99350        1.90089
        1.99575        1.92242
        1.99800        1.93082
        2.00025        1.94817
        2.00250        1.95626
        2.00475        1.99011
        2.00700        2.00111
        2.00925        2.01850
        2.01150        2.03361
        2.01375        2.03467
        2.01600        2.05472
        2.01825        2.06797
        2.02050        2.07501
        2.02275        2.08618
        2.02500        2.08630
        2.02725        2.10587
        2.02950        2.10071
        2.03175        2.11404
        2.03400        2.11537
        2.03625        2.12312
        2.03850        2.11221
        2.04075        2.11352
        2.04300        2.10423
        2.04525        2.11451
        2.04750        2.11127
        2.04975        2.09054
        2.05200        2.10399
        2.05425        2.08271
        2.05650        2.08364
        2.05875        2.07914
        2.06100        2.06704
        2.06325        2.06696
        2.06550        2.04181
        2.06775        2.03585
        2.07000        2.02603
        2.07225        2.01429
        2.07450        2.00180
        2.07675        1.98084
        2.07900        1.96356
        2.08125        1.95342
        2.08350        1.93369
        2.08575        1.91561
        2.08800        1.89577
        2.09025        1.86560
        2.09250        1.85240
        2.09475        1.82844
        2.09700        1.80695
        2.09925        1.78600
        2.10150        1.77559
        2.10375        1.76023
        2.10600        1.72614
        2.10825        1.69732
        2.11050        1.69447
        2.11275        1.65191
        2.11500        1.63072
        2.11725        1.60548
        2.11950        1.58469
        2.12175        1.55705
        2.12400        1.54778
        2.12625        1.51412
        2.12850        1.49270
        2.13075        1.47870
        2.13300        1.44177
        2.13525        1.42958
        2.13750        1.39723
        2.13975        1.37235
        2.14200        1.34759
        2.14425        1.32801
        2.14650        1.31101
        2.14875        1.27884
        2.15100        1.26021
        2.15325        1.23053
        2.15550        1.20658
        2.15775        1.19942
        2.16000        1.16889
        2.16225        1.15818
        2.16450        1.13876
        2.16675        1.11599
        2.16900        1.10170
        2.17125        1.07374
        2.17350        1.05724
        2.17575        1.04263
        2.17800        1.02454
        2.18025        1.00517
        2.18250        0.99692
        2.18475        0.97701
        2.18700        0.95721
        2.18925        0.95556
        2.19150        0.93310
        2.19375        0.90798
        2.19600        0.90492
        2.19825        0.88832
        2.20050        0.88841
        2.20275        0.86405
        2.20500        0.86226
        2.20725        0.85014
        2.20950        0.84096
        2.21175        0.83023
        2.21400        0.82166
        2.21625        0.81733
        2.21850        0.80708
        2.22075        0.80024
        2.22300        0.79489
        2.22525        0.79959
        2.22750        0.79056
        2.22975        0.78036
        2.23200        0.78184
        2.23425        0.77023
        2.23650        0.76663
        2.23875        0.77007
        2.24100        0.76822
        2.24325        0.76350
        2.24550        0.75889
        2.24775        0.77385
        2.25000        0.75946
        2.25225        0.77196
        2.25450        0.76479
        2.25675        0.76472
        2.25900        0.76523
        2.26125        0.76537
        2.26350        0.76783
        2.26575        0.76535
        2.26800        0.76983
        2.27025        0.78457
        2.27250        0.77358
        2.27475        0.77120
        2.27700        0.77590
        2.27925        0.78007
        2.28150        0.78326
        2.28375        0.78959
        2.28600        0.79066
        2.28825        0.78571
        2.29050        0.79497
        2.29275        0.80103
        2.29500        0.80264
        2.29725        0.80729
        2.29950        0.81164
        2.30175        0.80912
        2.30400        0.81090
        2.30625        0.81446
        2.30850        0.81177
        2.31075        0.82240
        2.31300        0.82897
        2.31525        0.83006
        2.31750        0.82479
        2.31975        0.83664
        2.32200        0.83092
        2.32425        0.83596
        2.32650        0.83858
        2.32875        0.84146
        2.33100        0.84129
        2.33325        0.85064
        2.33550        0.83882
        2.33775        0.85128
        2.34000        0.83637
        2.34225        0.85029
        2.34450        0.85344
        2.34675        0.84839
        2.34900        0.85228
        2.35125        0.84764
        2.35350        0.84169
        2.35575        0.84874
        2.35800        0.85066
        2.36025        0.84176
        2.36250        0.84446
        2.36475        0.85214
        2.36700        0.84742
        2.36925        0.84063
        2.37150        0.83862
        2.37375        0.84025
        2.37600        0.83336
        2.37825        0.84009
        2.38050        0.82997
        2.38275        0.82610
        2.38500        0.83083
        2.38725        0.82245
        2.38950        0.82127
        2.39175        0.81755
        2.39400        0.82274
        2.39625        0.81482
        2.39850        0.80765
        2.40075        0.80888
        2.40300        0.81005
        2.40525        0.79971
        2.40750        0.79321
        2.40975        0.78902
        2.41200        0.78734
        2.41425        0.78537
        2.41650        0.78903
        2.41875        0.78450
        2.42100        0.78543
        2.42325        0.76955
        2.42550        0.77145
        2.42775        0.77367
        2.43000        0.77193
        2.43225        0.76990
        2.43450        0.75373
        2.43675        0.75849
        2.43900        0.76254
        2.44125        0.75505
        2.44350        0.75466
        2.44575        0.75119
        2.44800        0.75664
        2.45025        0.75559
        2.45250        0.75729
        2.45475        0.75279
        2.45700        0.74985
        2.45925        0.75346
        2.46150        0.74189
        2.46375        0.74867
        2.46600        0.74985
        2.46825        0.75661
        2.47050        0.75912
        2.47275        0.75477
        2.47500        0.75661
        2.47725        0.76039
        2.47950        0.76232
        2.48175        0.76580
        2.48400        0.76564
        2.48625        0.76744
        2.48850        0.77214
        2.49075        0.77384
        2.49300        0.78112
        2.49525        0.78386
        2.49750        0.78944
        2.49975        0.79260
        2.50200        0.79036
        2.50425        0.80204
        2.50650        0.80441
        2.50875        0.80770
        2.51100        0.81116
        2.51325        0.82494
        2.51550        0.83072
        2.51775        0.84536
        2.52000        0.84186
        2.52225        0.85465
        2.52450        0.85483
        2.52675        0.86679
        2.52900        0.87687
        2.53125        0.88449
        2.53350        0.88541
        2.53575        0.90004
        2.53800        0.91146
        2.54025        0.90807
        2.54250        0.92663
        2.54475        0.93696
        2.54700        0.93529
        2.54925        0.95162
        2.55150        0.95801
        2.55375        0.97312
        2.55600        0.98430
        2.55825        0.99606
        2.56050        1.00784
        2.56275        1.01055
        2.56500        1.01605
        2.56725        1.02209
        2.56950        1.03943
        2.57175        1.04410
        2.57400        1.05605
        2.57625        1.06543
        2.57850        1.07647
        2.58075        1.08170
        2.58300        1.09342
        2.58525        1.10435
        2.58750        1.10646
        2.58975        1.11689
        2.59200        1.13173
        2.59425        1.12558
        2.59650        1.13613
        2.59875        1.14743
        2.60100        1.15425
        2.60325        1.16039
        2.60550        1.17132
        2.60775        1.17158
        2.61000        1.17127
        2.61225        1.18009
        2.61450        1.19049
        2.61675        1.18838
        2.61900        1.19055
        2.62125        1.19449
        2.62350        1.19983
        2.62575        1.21001
        2.62800        1.21110
        2.63025        1.21482
        2.63250        1.22146
        2.63475        1.21455
        2.63700        1.21515
        2.63925        1.21665
        2.64150        1.21927
        2.64375        1.22120
        2.64600        1.22300
        2.64825        1.22084
        2.65050        1.21410
        2.65275        1.21268
        2.65500        1.21218
        2.65725        1.20741
        2.65950        1.20693
        2.66175        1.19845
        2.66400        1.20080
        2.66625        1.19937
        2.66850        1.18517
        2.67075        1.18435
        2.67300        1.17936
        2.67525        1.18065
        2.67750        1.16837
        2.67975        1.16362
        2.68200        1.16009
        2.68425        1.14643
        2.68650        1.13649
        2.68875        1.13578
        2.69100        1.13046
        2.69325        1.11692
        2.69550        1.10496
        2.69775        1.09335
        2.70000        1.09356
        2.70225        1.08399
        2.70450        1.07458
        2.70675        1.07175
        2.70900        1.05087
        2.71125        1.04402
        2.71350        1.03301
        2.71575        1.02254
        2.71800        1.01076
        2.72025        1.00304
        2.72250        0.99517
        2.72475        0.98360
        2.72700        0.97583
        2.72925        0.95663
        2.73150        0.95204
        2.73375        0.93775
        2.73600        0.92587
        2.73825        0.92489
        2.74050        0.89929
        2.74275        0.90155
        2.74500        0.88783
        2.74725        0.87668
        2.74950        0.85911
        2.75175        0.85059
        2.75400        0.84840
        2.75625        0.83562
        2.75850        0.82349
        2.76075        0.81328
        2.76300        0.80412
        2.76525        0.79033
        2.76750        0.78316
        2.76975        0.77586
        2.77200        0.76030
        2.77425        0.75170
        2.77650        0.74402
        2.77875        0.73195
        2.78100        0.73310
        2.78325        0.72132
        2.78550        0.71458
        2.78775        0.70287
        2.79000        0.69834
        2.79225        0.69273
        2.79450        0.68154
        2.79675        0.66983
        2.79900        0.66544
        2.80125        0.65651
        2.80350        0.65282
        2.80575        0.64426
        2.80800        0.63896
        2.81025        0.63818
        2.81250        0.62545
        2.81475        0.62501
        2.81700        0.61945
        2.81925        0.60980
        2.82150        0.60297
        2.82375        0.60440
        2.82600        0.60231
        2.82825        0.59078
        2.83050        0.59389
        2.83275        0.58590
        2.83500        0.58466
        2.83725        0.57874
        2.83950        0.57893
        2.84175        0.56538
        2.84400        0.56643
        2.84625        0.56721
        2.84850        0.56268
        2.85075        0.56024
        2.85300        0.55876
        2.85525        0.56394
        2.85750        0.56252
        2.85975        0.55470
        2.86200        0.55518
        2.86425        0.55404
        2.86650        0.55112
        2.86875        0.54850
        2.87100        0.55416
        2.87325        0.55714
        2.87550        0.55304
        2.87775        0.55383
        2.88000        0.55887
        2.88225        0.56000
        2.88450        0.55880
        2.88675        0.56120
        2.88900        0.56686
        2.89125        0.56494
        2.89350        0.56360
        2.89575        0.57091
        2.89800        0.57617
        2.90025        0.57307
        2.90250        0.57935
        2.90475        0.58570
        2.90700        0.58913
        2.90925        0.59321
        2.91150        0.59977
        2.91375        0.60361
        2.91600        0.60747
        2.91825        0.61078
        2.92050        0.62133
        2.92275        0.62381
        2.92500        0.63224
        2.92725        0.63665
        2.92950        0.64661
        2.93175        0.65143
        2.93400        0.66650
        2.93625        0.66757
        2.93850        0.67720
        2.94075        0.68552
        2.94300        0.69202
        2.94525        0.69998
        2.94750        0.71235
        2.94975        0.72001
        2.95200        0.73898
        2.95425        0.74195
        2.95650        0.75865
        2.95875        0.76737
        2.96100        0.78312
        2.96325        0.79071
        2.96550        0.80184
        2.96775        0.81487
        2.97000        0.82802
        2.97225        0.83999
        2.97450        0.85393
        2.97675        0.87565
        2.97900        0.88501
        2.98125        0.89730
        2.98350        0.91522
        2.98575        0.93312
        2.98800        0.94598
        2.99025        0.96125
        2.99250        0.97075
        2.99475        0.99285
        2.99700        1.00434
        2.99925        1.01518
        3.00150        1.04160
        3.00375        1.05756
        3.00600        1.07733
        3.00825        1.09241
        3.01050        1.10610
        3.01275        1.12955
        3.01500        1.15163
        3.01725        1.16459
        3.01950        1.17867
        3.02175        1.19428
        3.02400        1.21992
        3.02625        1.23244
        3.02850        1.25248
        3.03075        1.27324
        3.03300        1.29716
        3.03525        1.30228
        3.03750        1.32130
        3.03975        1.34416
        3.04200        1.35879
        3.04425        1.38524
        3.04650        1.40015
        3.04875        1.41004
        3.05100        1.43433
        3.05325        1.44955
        3.05550        1.45882
        3.05775        1.48130
        3.06000        1.48862
        3.06225        1.51003
        3.06450        1.52539
        3.06675        1.55015
        3.06900        1.55529
        3.07125        1.57063
        3.07350        1.58838
        3.07575        1.59662
        3.07800        1.61073
        3.08025        1.63146
        3.08250        1.63225
        3.08475        1.65432
        3.08700        1.65328
        3.08925        1.67225
        3.09150        1.68250
        3.09375        1.69039
        3.09600        1.70017
        3.09825        1.70799
        3.10050        1.71578
        3.10275        1.71568
        3.10500        1.72187
        3.10725        1.73267
        3.10950        1.73501
        3.11175        1.75173
        3.11400        1.74733
        3.11625        1.74900
        3.11850        1.75065
        3.12075        1.75280
        3.12300        1.75549
        3.12525        1.75398
        3.12750        1.75354
        3.12975        1.75497
        3.13200        1.75189
        3.13425        1.75272
        3.13650        1.74399
        3.13875        1.74641
        3.14100        1.73943
        3.14325        1.73292
        3.14550        1.73066
        3.14775        1.72516
        3.15000        1.72476
        3.15225        1.71332
        3.15450        1.70027
        3.15675        1.69701
        3.15900        1.67880
        3.16125        1.68323
        3.16350        1.66939
        3.16575        1.65892
        3.16800        1.64840
        3.17025        1.63741
        3.17250        1.61813
        3.17475        1.60447
        3.17700        1.60092
        3.17925        1.58860
        3.18150        1.55882
        3.18375        1.55383
        3.18600        1.53403
        3.18825        1.53384
        3.19050        1.51505
        3.19275        1.49405
        3.19500        1.48236
        3.19725        1.46548
        3.19950        1.44299
        3.20175        1.42777
        3.20400        1.40828
        3.20625        1.39585
        3.20850        1.37694
        3.21075        1.35872
        3.21300        1.34069
        3.21525        1.32103
        3.21750        1.30696
        3.21975        1.28645
        3.22200        1.26976
        3.22425        1.25744
        3.22650        1.23978
        3.22875        1.22070
        3.23100        1.20326
        3.23325        1.17787
        3.23550        1.16144
        3.23775        1.14252
        3.24000        1.12516
        3.24225        1.10345
        3.24450        1.09101
        3.24675        1.07786
        3.24900        1.05663
        3.25125        1.04239
        3.25350        1.01809
        3.25575        1.01140
        3.25800        0.98861
        3.26025        0.97496
        3.26250        0.95736
        3.26475        0.94421
        3.26700        0.93243
        3.26925        0.91264
        3.27150        0.89593
        3.27375        0.87504
        3.27600        0.86844
        3.27825        0.85213
        3.28050        0.83780
        3.28275        0.82254
        3.28500        0.81362
        3.28725        0.80031
        3.28950        0.78743
        3.29175        0.77202
        3.29400        0.75727
        3.29625        0.75361
        3.29850        0.73842
        3.30075        0.73057
        3.30300        0.71898
        3.30525        0.70950
        3.30750        0.70122
        3.30975        0.68981
        3.31200        0.68507
        3.31425        0.67105
        3.31650        0.66297
        3.31875        0.65457
        3.32100        0.65279
        3.32325        0.63700
        3.32550        0.63838
        3.32775        0.63148
        3.33000        0.62442
        3.33225        0.62156
        3.33450        0.61660
        3.33675        0.61351
        3.33900        0.60210
        3.34125        0.59875
        3.34350        0.59431
        3.34575        0.59208
        3.34800        0.59288
        3.35025        0.58985
        3.35250        0.58777
        3.35475        0.58740
        3.35700        0.58749
        3.35925        0.58335
        3.36150        0.58399
        3.36375        0.58096
        3.36600        0.58683
        3.36825        0.58645
        3.37050        0.58475
        3.37275        0.58482
        3.37500        0.58538
        3.37725        0.58927
        3.37950        0.58988
        3.38175        0.59943
        3.38400        0.60087
        3.38625        0.60594
        3.38850        0.60410
        3.39075        0.61301
        3.39300        0.61575
        3.39525        0.61791
        3.39750        0.62163
        3.39975        0.62744
        3.40200        0.63369
        3.40425        0.64091
        3.40650        0.64375
        3.40875        0.65147
        3.41100        0.65607
        3.41325        0.65989
        3.41550        0.67190
        3.41775        0.67998
        3.42000        0.68618
        3.42225        0.69311
        3.42450        0.70491
        3.42675        0.70561
        3.42900        0.71854
        3.43125        0.72712
        3.43350        0.73311
        3.43575        0.74465
        3.43800        0.74661
        3.44025        0.75733
        3.44250        0.76810
        3.44475        0.77872
        3.44700        0.78582
        3.44925        0.78859
        3.45150        0.80499
        3.45375        0.81288
        3.45600        0.82048
        3.45825        0.82773
        3.46050        0.83704
        3.46275        0.85045
        3.46500        0.86053
        3.46725        0.86886
        3.46950        0.87687
        3.47175        0.88620
        3.47400        0.89158
        3.47625        0.91105
        3.47850        0.91853
        3.48075        0.92478
        3.48300        0.93348
        3.48525        0.94771
        3.48750        0.94970
        3.48975        0.96121
        3.49200        0.96724
        3.49425        0.97135
        3.49650        0.98397
        3.49875        0.99318
        3.50100        1.00214
        3.50325        1.01010
        3.50550        1.01612
        3.50775        1.02484
        3.51000        1.02632
        3.51225        1.03854
        3.51450        1.04194
        3.51675        1.04712
        3.51900        1.05867
        3.52125        1.06638
        3.52350        1.06215
        3.52575        1.07606
        3.52800        1.08123
        3.53025        1.08317
        3.53250        1.09528
        3.53475        1.09331
        3.53700        1.10330
        3.53925        1.11165
        3.54150        1.10867
        3.54375        1.11346
        3.54600        1.11749
        3.54825        1.12588
        3.55050        1.12251
        3.55275        1.13150
        3.55500        1.12806
        3.55725        1.13351
        3.55950        1.13226
        3.56175        1.13632
        3.56400        1.14081
        3.56625        1.14115
        3.56850        1.13724
        3.57075        1.13832
        3.57300        1.14112
        3.57525        1.13708
        3.57750        1.14670
        3.57975        1.13669
        3.58200        1.13988
        3.58425        1.14539
        3.58650        1.13411
        3.58875        1.14176
        3.59100        1.13925
        3.59325        1.13118
        3.59550        1.14192
        3.59775        1.13846
        3.60000        1.13615
        3.60225        1.13313
        3.60450        1.14213
        3.60675        1.12213
        3.60900        1.12521
        3.61125        1.12135
        3.61350        1.12384
        3.61575        1.11238
        3.61800        1.11596
        3.62025        1.11149
        3.62250        1.11044
        3.62475        1.10550
        3.62700        1.09877
        3.62925        1.10208
        3.63150        1.09506
        3.63375        1.09485
        3.63600        1.08664
        3.63825        1.08845
        3.64050        1.08225
        3.64275        1.07481
        3.64500        1.07620
        3.64725        1.07088
        3.64950        1.06739
        3.65175        1.06822
        3.65400        1.05905
        3.65625        1.05192
        3.65850        1.05586
        3.66075        1.04676
        3.66300        1.04577
        3.66525        1.04564
        3.66750        1.03675
        3.66975        1.03827
        3.67200        1.02972
        3.67425        1.01832
        3.67650        1.02347
        3.67875        1.01512
        3.68100        1.01389
        3.68325        1.00768
        3.68550        1.00685
        3.68775        1.00206
        3.69000        0.99636
        3.69225        0.99005
        3.69450        0.98903
        3.69675        0.98831
        3.69900        0.98389
        3.70125        0.97747
        3.70350        0.98023
        3.70575        0.97580
        3.70800        0.96870
        3.71025        0.96165
        3.71250        0.96548
        3.71475        0.96234
        3.71700        0.95619
        3.71925        0.95310
        3.72150        0.94893
        3.72375        0.94846
        3.72600        0.94097
        3.72825        0.93696
        3.73050        0.94371
        3.73275        0.93648
        3.73500        0.93681
        3.73725        0.93033
        3.73950        0.92757
        3.74175        0.92498
        3.74400        0.92617
        3.74625        0.92136
        3.74850        0.91590
        3.75075        0.91445
        3.75300        0.91441
        3.75525        0.91139
        3.75750        0.90717
        3.75975        0.90454
        3.76200        0.90505
        3.76425        0.89964
        3.76650        0.89822
        3.76875        0.89680
        3.77100        0.88952
        3.77325        0.88723
        3.77550        0.88708
        3.77775        0.88564
        3.78000        0.88558
        3.78225        0.88274
        3.78450        0.88311
        3.78675        0.88240
        3.78900        0.87948
        3.79125        0.87977
        3.79350        0.87154
        3.79575        0.87662
        3.79800        0.86991
        3.80025        0.86996
        3.80250        0.86760
        3.80475        0.86895
        3.80700        0.86683
        3.80925        0.86237
        3.81150        0.85958
        3.81375        0.85966
        3.81600        0.86217
        3.81825        0.85848
        3.82050        0.85939
        3.82275        0.85760
        3.82500        0.85705
        3.82725        0.85568
        3.82950        0.85350
        3.83175        0.85143
        3.83400        0.85320
        3.83625        0.85004
        3.83850        0.85556
        3.84075        0.84749
        3.84300        0.84669
        3.84525        0.84932
        3.84750        0.84663
        3.84975        0.84651
        3.85200        0.84099
        3.85425        0.84762
        3.85650        0.83945
        3.85875        0.84296
        3.86100        0.84416
        3.86325        0.84473
        3.86550        0.84322
        3.86775        0.84351
        3.87000        0.84539
        3.87225        0.84092
        3.87450        0.84172
        3.87675        0.84295
        3.87900        0.84059
        3.88125        0.83981
        3.88350        0.83864
        3.88575        0.83787
        3.88800        0.83634
        3.89025        0.83973
        3.89250        0.83704
        3.89475        0.83433
        3.89700        0.84058
        3.89925        0.83731
        3.90150        0.83455
        3.90375        0.83256
        3.90600        0.83754
        3.90825        0.83457
        3.91050        0.83532
        3.91275        0.83559
        3.91500        0.83437
        3.91725        0.83593
        3.91950        0.83105
        3.92175        0.83588
        3.92400        0.83382
        3.92625        0.83214
        3.92850        0.83136
        3.93075        0.83155
        3.93300        0.83214
        3.93525        0.83304
        3.93750        0.83085
        3.93975        0.82795
        3.94200        0.82915
        3.94425        0.82932
        3.94650        0.83310
        3.94875        0.83388
        3.95100        0.83207
        3.95325        0.83337
        3.95550        0.83326
        3.95775        0.83204
        3.96000        0.83744
        3.96225        0.83149
        3.96450        0.83926
        3.96675        0.83024
        3.96900        0.83415
        3.97125        0.83140
        3.97350        0.84095
        3.97575        0.83869
        3.97800        0.83656
        3.98025        0.83637
        3.98250        0.83829
        3.98475        0.83943
        3.98700        0.83791
        3.98925        0.84316
        3.99150        0.84405
        3.99375        0.84329
        3.99600        0.85104
        3.99825        0.85104
        4.00050        0.84876
        4.00275        0.85207
        4.00500        0.84908
        4.00725        0.85280
        4.00950        0.85544
        4.01175        0.85563
        4.01400        0.86011
        4.01625        0.86296
        4.01850        0.87085
        4.02075        0.86890
        4.02300        0.87103
        4.02525        0.87310
        4.02750        0.87722
        4.02975        0.87749
        4.03200        0.88094
        4.03425        0.88644
        4.03650        0.89246
        4.03875        0.88793
        4.04100        0.89934
        4.04325        0.89941
        4.04550        0.90398
        4.04775        0.90711
        4.05000        0.90946
        4.05225        0.91242
        4.05450        0.91877
        4.05675        0.92178
        4.05900        0.93119
        4.06125        0.93385
        4.06350        0.94295
        4.06575        0.94540
        4.06800        0.95312
        4.07025        0.95644
        4.07250        0.96111
        4.07475        0.97101
        4.07700        0.97623
        4.07925        0.98202
        4.08150        0.98687
        4.08375        0.99857
        4.08600        1.00200
        4.08825        1.01354
        4.09050        1.01477
        4.09275        1.02479
        4.09500        1.03104
        4.09725        1.03934
        4.09950        1.04631
        4.10175        1.05766
        4.10400        1.06184
        4.10625        1.06542
        4.10850        1.07849
        4.11075        1.08527
        4.11300        1.09621
        4.11525        1.10624
        4.11750        1.11039
        4.11975        1.12447
        4.12200        1.13032
        4.12425        1.13992
        4.12650        1.15208
        4.12875        1.16160
        4.13100        1.16367
        4.13325        1.17430
        4.13550        1.18768
        4.13775        1.19373
        4.14000        1.19917
        4.14225        1.21838
        4.14450        1.22942
        4.14675        1.23680
        4.14900        1.24035
        4.15125        1.25386
        4.15350        1.26532
        4.15575        1.27555
        4.15800        1.27844
        4.16025        1.28753
        4.16250        1.30252
        4.16475        1.30972
        4.16700        1.31670
        4.16925        1.32777
        4.17150        1.33634
        4.17375        1.34945
        4.17600        1.35483
        4.17825        1.36615
        4.18050        1.37023
        4.18275        1.38528
        4.18500        1.39361
        4.18725        1.39940
        4.18950        1.40316
        4.19175        1.41277
        4.19400        1.41927
        4.19625        1.42816
        4.19850        1.44180
        4.20075        1.44253
        4.20300        1.44648
        4.20525        1.45384
        4.20750        1.46377
        4.20975        1.47047
        4.21200        1.47555
        4.21425        1.47680
        4.21650        1.48212
        4.21875        1.49434
        4.22100        1.48961
        4.22325        1.49942
        4.22550        1.50314
        4.22775        1.50652
        4.23000        1.50583
        4.23225        1.51212
        4.23450        1.51354
        4.23675        1.51177
        4.23900        1.51672
        4.24125        1.52106
        4.24350        1.51480
        4.24575        1.52044
        4.24800        1.51428
        4.25025        1.51500
        4.25250        1.51483
        4.25475        1.51926
        4.25700        1.51159
        4.25925        1.51110
        4.26150        1.51054
        4.26375        1.51081
        4.26600        1.50289
        4.26825        1.49498
        4.27050        1.49677
        4.27275        1.48559
        4.27500        1.48621
        4.27725        1.48348
        4.27950        1.47224
        4.28175        1.46438
        4.28400        1.46201
        4.28625        1.45570
        4.28850        1.44397
        4.29075        1.44220
        4.29300        1.43215
        4.29525        1.42584
        4.29750        1.41584
        4.29975        1.40476
        4.30200        1.39146
        4.30425        1.38317
        4.30650        1.37393
        4.30875        1.36371
        4.31100        1.35482
        4.31325        1.33871
        4.31550        1.33250
        4.31775        1.31869
        4.32000        1.30806
        4.32225        1.29798
        4.32450        1.28724
        4.32675        1.27258
        4.32900        1.26115
        4.33125        1.24349
        4.33350        1.23198
        4.33575        1.22009
        4.33800        1.20427
        4.34025        1.19264
        4.34250        1.18235
        4.34475        1.16913
        4.34700        1.15633
        4.34925        1.14444
        4.35150        1.12792
        4.35375        1.11612
        4.35600        1.10362
        4.35825        1.08787
        4.36050        1.07800
        4.36275        1.06207
        4.36500        1.04805
        4.36725        1.03075
        4.36950        1.02072
        4.37175        1.00884
        4.37400        0.99706
        4.37625        0.98683
        4.37850        0.97434
        4.38075        0.96338
        4.38300        0.95132
        4.38525        0.93579
        4.38750        0.92585
        4.38975        0.91192
        4.39200        0.90375
        4.39425        0.89525
        4.39650        0.88362
        4.39875        0.87276
        4.40100        0.86476
        4.40325        0.85223
        4.40550        0.84409
        4.40775        0.83332
        4.41000        0.82307
        4.41225        0.81590
        4.41450        0.80990
        4.41675        0.80351
        4.41900        0.79561
        4.42125        0.78479
        4.42350        0.77383
        4.42575        0.77594
        4.42800        0.76528
        4.43025        0.76362
        4.43250        0.75324
        4.43475        0.75105
        4.43700        0.74852
        4.43925        0.74372
        4.44150        0.73613
        4.44375        0.73658
        4.44600        0.73126
        4.44825        0.73103
        4.45050        0.72378
        4.45275        0.72378
        4.45500        0.72308
        4.45725        0.72054
        4.45950        0.71813
        4.46175        0.72090
        4.46400        0.71707
        4.46625        0.71706
        4.46850        0.71526
        4.47075        0.71958
        4.47300        0.72013
        4.47525        0.71929
        4.47750        0.72098
        4.47975        0.72276
        4.48200        0.72310
        4.48425        0.72494
        4.48650        0.72563
        4.48875        0.73204
        4.49100        0.73282
        4.49325        0.72730
        4.49550        0.70676
        4.49775        0.63242
        4.50000        0.00000
