.4949863033E-04
.1972473529E-03
.4418447018E-03
.7815597178E-03
.1214365848E-02
.1737951426E-02
.2349715014E-02
.3046759651E-02
.3825889850E-02
.4683617833E-02
.5616195381E-02
.6619662879E-02
.7689910347E-02
.8822727493E-02
.1001383644E-01
.1125889586E-01
.1255349746E-01
.1389315797E-01
.1527331577E-01
.1668932531E-01
.1813645570E-01
.1960988119E-01
.2110469281E-01
.2261594774E-01
.2413881483E-01
.2566878005E-01
.2720188909E-01
.2873491425E-01
.3026541184E-01
.3179162631E-01
.3331231188E-01
.3482656610E-01
.3633374048E-01
.3783345085E-01
.3932564459E-01
.4081066775E-01
.4228928135E-01
.4376262302E-01
.4523211117E-01
.4669928959E-01
.4816564285E-01
.4963235908E-01
.5110010916E-01
.5256887426E-01
.5403788450E-01
.5550573799E-01
.5697068097E-01
.5843094379E-01
.5988503003E-01
.6133186527E-01
.6277082498E-01
.6420164161E-01
.6562428909E-01
.6703884841E-01
.6844538646E-01
.6984389654E-01
.7123429218E-01
.7261637591E-01
.7398980213E-01
.7535407952E-01
.7670864758E-01
.7805302412E-01
.7938696600E-01
.8071051273E-01
.8202391476E-01
.8332752751E-01
.8462175780E-01
.8590708065E-01
.8718411693E-01
.8845369067E-01
.8971686347E-01
.9097490962E-01
.9222924645E-01
.9348133226E-01
.9473251601E-01
.9598385072E-01
.9723592665E-01
.9848875344E-01
.9974177549E-01
.1009940075E+00
.1022442432E+00
.1034913633E+00
.1047345877E+00
.1059736046E+00
.1072086098E+00
.1084402757E+00
.1096696391E+00
.1108980179E+00
.1121268700E+00
.1133577145E+00
.1145920414E+00
.1158311699E+00
.1170761582E+00
.1183277023E+00
.1195861030E+00
.1208513032E+00
.1221229299E+00
.1234003643E+00
.1246827838E+00
.1259691710E+00
.1272583308E+00
.1285489350E+00
.1298395659E+00
.1311287806E+00
.1324151530E+00
.1336973461E+00
.1349741343E+00
.1362444399E+00
.1375072859E+00
.1387618029E+00
.1400072153E+00
.1412428515E+00
.1424681690E+00
.1436827323E+00
.1448861529E+00
.1460780545E+00
.1472580722E+00
.1484258948E+00
.1495813654E+00
.1507245941E+00
.1518560092E+00
.1529763300E+00
.1540864501E+00
.1551872685E+00
.1562795486E+00
.1573638005E+00
.1584402345E+00
.1595087667E+00
.1605690422E+00
.1616205063E+00
.1626624332E+00
.1636940396E+00
.1647146192E+00
.1657237049E+00
.1667212110E+00
.1677075169E+00
.1686834213E+00
.1696499863E+00
.1706083525E+00
.1715595622E+00
.1725044995E+00
.1734439234E+00
.1743785105E+00
.1753088795E+00
.1762356369E+00
.1771593804E+00
.1780807702E+00
.1790006391E+00
.1799200769E+00
.1808404892E+00
.1817635452E+00
.1826910738E+00
.1836248995E+00
.1845667039E+00
.1855178809E+00
.1864794085E+00
.1874517981E+00
.1884350748E+00
.1894288204E+00
.1904322882E+00
.1914445672E+00
.1924647558E+00
.1934921936E+00
.1945266152E+00
.1955682392E+00
.1966177243E+00
.1976759891E+00
.1987439691E+00
.1998223802E+00
.2009115975E+00
.2020115629E+00
.2031218042E+00
.2042415011E+00
.2053695732E+00
.2065047955E+00
.2076458663E+00
.2087914895E+00
.2099404244E+00
.2110914533E+00
.2122432876E+00
.2133944362E+00
.2145431111E+00
.2156872811E+00
.2168248386E+00
.2179538351E+00
.2190727110E+00
.2201804704E+00
.2212767183E+00
.2223616359E+00
.2234359274E+00
.2245007193E+00
.2255574823E+00
.2266079192E+00
.2276539099E+00
.2286974430E+00
.2297405659E+00
.2307853451E+00
.2318337864E+00
.2328877589E+00
.2339488750E+00
.2350183037E+00
.2360965707E+00
.2371833667E+00
.2382774696E+00
.2393768822E+00
.2404791229E+00
.2415815790E+00
.2426817977E+00
.2437776605E+00
.2448673438E+00
.2459492304E+00
.2470218027E+00
.2480835909E+00
.2491331950E+00
.2501692961E+00
.2511906572E+00
.2521961078E+00
.2531845672E+00
.2541551273E+00
.2551071624E+00
.2560404599E+00
.2569552209E+00
.2578519675E+00
.2587313649E+00
.2595941406E+00
.2604410385E+00
.2612728473E+00
.2620904488E+00
.2628948585E+00
.2636872474E+00
.2644689538E+00
.2652415170E+00
.2660066506E+00
.2667661630E+00
.2675218619E+00
.2682754219E+00
.2690283230E+00
.2697818063E+00
.2705368305E+00
.2712940490E+00
.2720538256E+00
.2728162517E+00
.2735812070E+00
.2743484873E+00
.2751179965E+00
.2758899553E+00
.2766650710E+00
.2774446029E+00
.2782303026E+00
.2790242704E+00
.2798287141E+00
.2806456408E+00
.2814765880E+00
.2823223549E+00
.2831828133E+00
.2840568553E+00
.2849424522E+00
.2858368795E+00
.2867370234E+00
.2876397925E+00
.2885425009E+00
.2894431843E+00
.2903407873E+00
.2912352262E+00
.2921273158E+00
.2930186072E+00
.2939111978E+00
.2948075115E+00
.2957100837E+00
.2966214019E+00
.2975437414E+00
.2984790506E+00
.2994288112E+00
.3003939219E+00
.3013746330E+00
.3023705728E+00
.3033808367E+00
.3044041509E+00
.3054391311E+00
.3064845343E+00
.3075395378E+00
.3086038603E+00
.3096776737E+00
.3107613547E+00
.3118551859E+00
.3129591643E+00
.3140729083E+00
.3151956781E+00
.3163264464E+00
.3174640194E+00
.3186071038E+00
.3197544439E+00
.3209049681E+00
.3220578598E+00
.3232125612E+00
.3243686249E+00
.3255256048E+00
.3266829447E+00
.3278400007E+00
.3289960956E+00
.3301505999E+00
.3313029560E+00
.3324526589E+00
.3335992235E+00
.3347421708E+00
.3358810782E+00
.3370156427E+00
.3381457660E+00
.3392715855E+00
.3403934516E+00
.3415118566E+00
.3426273746E+00
.3437405755E+00
.3448520178E+00
.3459622794E+00
.3470719598E+00
.3481816691E+00
.3492920296E+00
.3504037208E+00
.3515175076E+00
.3526342736E+00
.3537550141E+00
.3548808389E+00
.3560128825E+00
.3571522844E+00
.3583001779E+00
.3594576566E+00
.3606257938E+00
.3618056344E+00
.3629982180E+00
.3642045649E+00
.3654256791E+00
.3666625093E+00
.3679159250E+00
.3691866261E+00
.3704751263E+00
.3717816787E+00
.3731062190E+00
.3744482458E+00
.3758067155E+00
.3771799411E+00
.3785656209E+00
.3799610211E+00
.3813633039E+00
.3827699424E+00
.3841789694E+00
.3855889670E+00
.3869987644E+00
.3884070009E+00
.3898118142E+00
.3912106663E+00
.3926003790E+00
.3939772619E+00
.3953373526E+00
.3966767632E+00
.3979920482E+00
.3992806464E+00
.4005412032E+00
.4017737826E+00
.4029798334E+00
.4041619574E+00
.4053236114E+00
.4064687495E+00
.4076014589E+00
.4087256969E+00
.4098450888E+00
.4109627902E+00
.4120814298E+00
.4132031029E+00
.4143293219E+00
.4154610496E+00
.4165986834E+00
.4177420333E+00
.4188903053E+00
.4200421407E+00
.4211957297E+00
.4223489919E+00
.4234998628E+00
.4246465751E+00
.4257878211E+00
.4269228208E+00
.4280512032E+00
.4291728295E+00
.4302876539E+00
.4313956468E+00
.4324967964E+00
.4335910370E+00
.4346782250E+00
.4357581294E+00
.4368304751E+00
.4378950243E+00
.4389516941E+00
.4400007328E+00
.4410427563E+00
.4420787862E+00
.4431101166E+00
.4441381668E+00
.4451642597E+00
.4461894972E+00
.4472146960E+00
.4482404572E+00
.4492672223E+00
.4502953788E+00
.4513252610E+00
.4523571219E+00
.4533910621E+00
.4544269293E+00
.4554642401E+00
.4565020020E+00
.4575385464E+00
.4585714211E+00
.4595974086E+00
.4606127355E+00
.4616135339E+00
.4625964329E+00
.4635591229E+00
.4645006663E+00
.4654214626E+00
.4663229995E+00
.4672074885E+00
.4680774991E+00
.4689356384E+00
.4697842930E+00
.4706253468E+00
.4714600070E+00
.4722887861E+00
.4731115618E+00
.4739277985E+00
.4747367824E+00
.4755378004E+00
.4763302587E+00
.4771136872E+00
.4778876941E+00
.4786518730E+00
.4794057421E+00
.4801486468E+00
.4808797941E+00
.4815982653E+00
.4823031377E+00
.4829936010E+00
.4836689820E+00
.4843287442E+00
.4849724175E+00
.4855994754E+00
.4862092831E+00
.4868011259E+00
.4873743511E+00
.4879285433E+00
.4884637345E+00
.4889805995E+00
.4894804910E+00
.4899655079E+00
.4904384149E+00
.4909025108E+00
.4913614307E+00
.4918189694E+00
.4922789056E+00
.4927449112E+00
.4932205256E+00
.4937091129E+00
.4942138693E+00
.4947377208E+00
.4952832349E+00
.4958524752E+00
.4964469522E+00
.4970675432E+00
.4977145401E+00
.4983878065E+00
.4990869963E+00
.4998118367E+00
.5005624240E+00
.5013393596E+00
.5021436919E+00
.5029766725E+00
.5038394767E+00
.5047329033E+00
.5056572554E+00
.5066123505E+00
.5075976726E+00
.5086125139E+00
.5096560859E+00
.5107274814E+00
.5118255967E+00
.5129490662E+00
.5140961079E+00
.5152644838E+00
.5164515238E+00
.5176542230E+00
.5188694145E+00
.5200939674E+00
.5213249892E+00
.5225598482E+00
.5237961410E+00
.5250315321E+00
.5262635584E+00
.5274895575E+00
.5287066814E+00
.5299120310E+00
.5311028543E+00
.5322768614E+00
.5334324728E+00
.5345691453E+00
.5356875867E+00
.5367897741E+00
.5378787797E+00
.5389584305E+00
.5400329147E+00
.5411063750E+00
.5421826410E+00
.5432650446E+00
.5443562823E+00
.5454583893E+00
.5465726760E+00
.5476997235E+00
.5488393647E+00
.5499907804E+00
.5511526567E+00
.5523233301E+00
.5535010585E+00
.5546842867E+00
.5558717826E+00
.5570626482E+00
.5582560667E+00
.5594510322E+00
.5606461251E+00
.5618394173E+00
.5630284337E+00
.5642102003E+00
.5653813378E+00
.5665382452E+00
.5676773834E+00
.5687956268E+00
.5698906280E+00
.5709608871E+00
.5720055257E+00
.5730239196E+00
.5740153563E+00
.5749789088E+00
.5759134697E+00
.5768179569E+00
.5776915275E+00
.5785336951E+00
.5793443701E+00
.5801238913E+00
.5808731136E+00
.5815935314E+00
.5822873340E+00
.5829573807E+00
.5836070466E+00
.5842400691E+00
.5848603888E+00
.5854720696E+00
.5860793228E+00
.5866865573E+00
.5872984045E+00
.5879196100E+00
.5885547551E+00
.5892079114E+00
.5898822699E+00
.5905798501E+00
.5913013514E+00
.5920461345E+00
.5928123545E+00
.5935971829E+00
.5943970302E+00
.5952077932E+00
.5960250570E+00
.5968443027E+00
.5976611277E+00
.5984714067E+00
.5992715975E+00
.6000589610E+00
.6008317905E+00
.6015894954E+00
.6023325674E+00
.6030624003E+00
.6037809736E+00
.6044905781E+00
.6051936560E+00
.6058928302E+00
.6065910597E+00
.6072917824E+00
.6079988781E+00
.6087164328E+00
.6094484594E+00
.6101985271E+00
.6109694791E+00
.6117631980E+00
.6125804820E+00
.6134210531E+00
.6142837192E+00
.6151666418E+00
.6160676593E+00
.6169845229E+00
.6179151389E+00
.6188577681E+00
.6198112148E+00
.6207748807E+00
.6217487249E+00
.6227330756E+00
.6237284075E+00
.6247351018E+00
.6257532674E+00
.6267827064E+00
.6278229138E+00
.6288730966E+00
.6299321375E+00
.6309984990E+00
.6320701472E+00
.6331445600E+00
.6342188975E+00
.6352903840E+00
.6363568377E+00
.6374170985E+00
.6384711236E+00
.6395198419E+00
.6405647791E+00
.6416078231E+00
.6426510580E+00
.6436967301E+00
.6447473121E+00
.6458054684E+00
.6468739928E+00
.6479555735E+00
.6490525346E+00
.6501665715E+00
.6512986015E+00
.6524487253E+00
.6536162013E+00
.6547995094E+00
.6559964126E+00
.6572040143E+00
.6584188066E+00
.6596367436E+00
.6608534352E+00
.6620643908E+00
.6632654407E+00
.6644531305E+00
.6656251265E+00
.6667803671E+00
.6679189768E+00
.6690419265E+00
.6701506598E+00
.6712467469E+00
.6723317012E+00
.6734070389E+00
.6744744779E+00
.6755361121E+00
.6765944071E+00
.6776520729E+00
.6787119140E+00
.6797767534E+00
.6808494328E+00
.6819328652E+00
.6830300380E+00
.6841438347E+00
.6852767469E+00
.6864306656E+00
.6876067332E+00
.6888053295E+00
.6900260805E+00
.6912679236E+00
.6925291536E+00
.6938074950E+00
.6951002397E+00
.6964044232E+00
.6977169942E+00
.6990350242E+00
.7003557988E+00
.7016768163E+00
.7029957857E+00
.7043106600E+00
.7056197446E+00
.7069218040E+00
.7082161738E+00
.7095028045E+00
.7107821811E+00
.7120551192E+00
.7133225088E+00
.7145850663E+00
.7158431064E+00
.7170963424E+00
.7183437816E+00
.7195836962E+00
.7208135822E+00
.7220302192E+00
.7232298126E+00
.7244082549E+00
.7255614916E+00
.7266858533E+00
.7277784280E+00
.7288372929E+00
.7298616841E+00
.7308520593E+00
.7318100506E+00
.7327383440E+00
.7336405111E+00
.7345207842E+00
.7353838084E+00
.7362343843E+00
.7370772026E+00
.7379166403E+00
.7387566005E+00
.7396003468E+00
.7404504874E+00
.7413089121E+00
.7421769025E+00
.7430552024E+00
.7439441365E+00
.7448437340E+00
.7457537409E+00
.7466736649E+00
.7476028251E+00
.7485404882E+00
.7494860224E+00
.7504390423E+00
.7513995071E+00
.7523676565E+00
.7533438030E+00
.7543281801E+00
.7553207418E+00
.7563211390E+00
.7573286877E+00
.7583425312E+00
.7593616727E+00
.7603851326E+00
.7614120993E+00
.7624420977E+00
.7634751658E+00
.7645119558E+00
.7655536711E+00
.7666018477E+00
.7676580168E+00
.7687233765E+00
.7697985475E+00
.7708834514E+00
.7719773144E+00
.7730788119E+00
.7741862410E+00
.7752976316E+00
.7764108941E+00
.7775238538E+00
.7786342845E+00
.7797398602E+00
.7808381797E+00
.7819268689E+00
.7830037348E+00
.7840668477E+00
.7851147010E+00
.7861462891E+00
.7871611924E+00
.7881596998E+00
.7891429569E+00
.7901130597E+00
.7910730582E+00
.7920267796E+00
.7929785712E+00
.7939330168E+00
.7948946061E+00
.7958675687E+00
.7968557074E+00
.7978623649E+00
.7988905142E+00
.7999428899E+00
.8010220678E+00
.8021304520E+00
.8032702767E+00
.8044435363E+00
.8056518875E+00
.8068965509E+00
.8081781770E+00
.8094966441E+00
.8108507893E+00
.8122381475E+00
.8136548616E+00
.8150957486E+00
.8165546475E+00
.8180249261E+00
.8194999552E+00
.8209734459E+00
.8224397131E+00
.8238937850E+00
.8253314903E+00
.8267494693E+00
.8281451740E+00
.8295168940E+00
.8308637661E+00
.8321858371E+00
.8334840463E+00
.8347601129E+00
.8360163367E+00
.8372554069E+00
.8384801848E+00
.8396935881E+00
.8408984728E+00
.8420975386E+00
.8432932174E+00
.8444875916E+00
.8456822572E+00
.8468781271E+00
.8480752424E+00
.8492726454E+00
.8504684049E+00
.8516597959E+00
.8528435929E+00
.8540164153E+00
.8551750660E+00
.8563169093E+00
.8574400737E+00
.8585436039E+00
.8596273289E+00
.8606916716E+00
.8617374032E+00
.8627656198E+00
.8637778256E+00
.8647761170E+00
.8657632467E+00
.8667425239E+00
.8677175487E+00
.8686918861E+00
.8696687436E+00
.8706508209E+00
.8716401925E+00
.8726382873E+00
.8736460475E+00
.8746640825E+00
.8756928029E+00
.8767325286E+00
.8777835270E+00
.8788458928E+00
.8799193857E+00
.8810032502E+00
.8820960725E+00
.8831955764E+00
.8842986513E+00
.8854015104E+00
.8865001619E+00
.8875910405E+00
.8886716071E+00
.8897406238E+00
.8907980755E+00
.8918447655E+00
.8928817708E+00
.8939101217E+00
.8949305889E+00
.8959436429E+00
.8969495535E+00
.8979483899E+00
.8989400261E+00
.8999241497E+00
.9009002163E+00
.9018674110E+00
.9028246419E+00
.9037705566E+00
.9047035871E+00
.9056220289E+00
.9065242038E+00
.9074086079E+00
.9082739903E+00
.9091194143E+00
.9099441990E+00
.9107477868E+00
.9115295825E+00
.9122888288E+00
.9130245629E+00
.9137355973E+00
.9144205979E+00
.9150782015E+00
.9157071010E+00
.9163062156E+00
.9168748654E+00
.9174130341E+00
.9179215526E+00
.9184022365E+00
.9188579384E+00
.9192924297E+00
.9197101237E+00
.9201157479E+00
.9205140233E+00
.9209093724E+00
.9213059084E+00
.9217074650E+00
.9221178470E+00
.9225408975E+00
.9229805393E+00
.9234405925E+00
.9239244701E+00
.9244349296E+00
.9249739783E+00
.9255427394E+00
.9261415579E+00
.9267701683E+00
.9274279494E+00
.9281141762E+00
.9288281830E+00
.9295694230E+00
.9303374253E+00
.9311316517E+00
.9319512622E+00
.9327949805E+00
.9336610115E+00
.9345471518E+00
.9354509658E+00
.9363700671E+00
.9373023727E+00
.9382462024E+00
.9392003286E+00
.9401639484E+00
.9411366557E+00
.9421183886E+00
.9431094167E+00
.9441101226E+00
.9451208226E+00
.9461415146E+00
.9471716683E+00
.9482099952E+00
.9492543671E+00
.9503018956E+00
.9513491104E+00
.9523922440E+00
.9534275964E+00
.9544517729E+00
.9554618690E+00
.9564556003E+00
.9574313694E+00
.9583884194E+00
.9593270466E+00
.9602487053E+00
.9611559698E+00
.9620523419E+00
.9629418457E+00
.9638286101E+00
.9647164300E+00
.9656085302E+00
.9665074194E+00
.9674148174E+00
.9683316522E+00
.9692580746E+00
.9701934560E+00
.9711364281E+00
.9720849530E+00
.9730364058E+00
.9739877392E+00
.9749356584E+00
.9758768632E+00
.9768083362E+00
.9777276436E+00
.9786331375E+00
.9795241049E+00
.9804007284E+00
.9812639746E+00
.9821153716E+00
.9829568136E+00
.9837904143E+00
.9846184321E+00
.9854432226E+00
.9862672649E+00
.9870930785E+00
.9879230893E+00
.9887594546E+00
.9896037921E+00
.9904571450E+00
.9913199622E+00
.9921923124E+00
.9930741387E+00
.9939655437E+00
.9948669201E+00
.9957790011E+00
.9967027201E+00
.9976389917E+00
.9985884687E+00
.9995514542E+00
.1000527782E+01
.1001516917E+01
.1002518177E+01
.1003530981E+01
.1004555256E+01
.1005591756E+01
.1006642122E+01
.1007708702E+01
.1008794101E+01
.1009900728E+01
.1011030307E+01
.1012183561E+01
.1013360045E+01
.1014558155E+01
.1015775213E+01
.1017007660E+01
.1018251295E+01
.1019501590E+01
.1020753924E+01
.1022003803E+01
.1023247028E+01
.1024479770E+01
.1025698587E+01
.1026900419E+01
.1028082550E+01
.1029242592E+01
.1030378473E+01
.1031488479E+01
.1032571241E+01
.1033625736E+01
.1034651266E+01
.1035647399E+01
.1036613910E+01
.1037550830E+01
.1038458473E+01
.1039337626E+01
.1040189782E+01
.1041017319E+01
.1041823549E+01
.1042612444E+01
.1043388275E+01
.1044155239E+01
.1044917205E+01
.1045677523E+01
.1046439102E+01
.1047204534E+01
.1047976210E+01
.1048756444E+01
.1049547558E+01
.1050351907E+01
.1051171813E+01
.1052009551E+01
.1052867282E+01
.1053746837E+01
.1054649644E+01
.1055576551E+01
.1056527840E+01
.1057503307E+01
.1058502380E+01
.1059524309E+01
.1060568354E+01
.1061633908E+01
.1062720474E+01
.1063827632E+01
.1064954866E+01
.1066101481E+01
.1067266470E+01
.1068448437E+01
.1069645455E+01
.1070854948E+01
.1072073551E+01
.1073297162E+01
.1074521042E+01
.1075739963E+01
.1076948422E+01
.1078141004E+01
.1079312798E+01
.1080459967E+01
.1081580163E+01
.1082672718E+01
.1083738551E+01
.1084779827E+01
.1085799557E+01
.1086801209E+01
.1087788483E+01
.1088765207E+01
.1089735190E+01
.1090702125E+01
.1091669427E+01
.1092640096E+01
.1093616707E+01
.1094601420E+01
.1095596058E+01
.1096602199E+01
.1097621289E+01
.1098654646E+01
.1099703492E+01
.1100768889E+01
.1101851719E+01
.1102952633E+01
.1104072085E+01
.1105210387E+01
.1106367757E+01
.1107544313E+01
.1108740019E+01
.1109954564E+01
.1111187323E+01
.1112437391E+01
.1113703724E+01
.1114985356E+01
.1116281649E+01
.1117592558E+01
.1118918772E+01
.1120261678E+01
.1121623270E+01
.1123005815E+01
.1124411629E+01
.1125842678E+01
.1127300359E+01
.1128785326E+01
.1130297385E+01
.1131835571E+01
.1133398227E+01
.1134983105E+01
.1136587444E+01
.1138208118E+01
.1139841800E+01
.1141485144E+01
.1143134970E+01
.1144788426E+01
.1146443090E+01
.1148097018E+01
.1149748721E+01
.1151397085E+01
.1153041226E+01
.1154680340E+01
.1156313510E+01
.1157939642E+01
.1159557519E+01
.1161165914E+01
.1162763735E+01
.1164350184E+01
.1165924751E+01
.1167487121E+01
.1169037103E+01
.1170574581E+01
.1172099577E+01
.1173612334E+01
.1175113348E+01
.1176603201E+01
.1178082319E+01
.1179550734E+01
.1181007989E+01
.1182453137E+01
.1183884823E+01
.1185301401E+01
.1186700970E+01
.1188081418E+01
.1189440591E+01
.1190776630E+01
.1192088420E+01
.1193376079E+01
.1194641258E+01
.1195887212E+01
.1197118518E+01
.1198340550E+01
.1199558650E+01
.1200777419E+01
.1202000062E+01
.1203228197E+01
.1204462097E+01
.1205701237E+01
.1206944839E+01
.1208192202E+01
.1209442843E+01
.1210696584E+01
.1211953510E+01
.1213213941E+01
.1214478375E+01
.1215747293E+01
.1217020966E+01
.1218299370E+01
.1219582117E+01
.1220868511E+01
.1222157549E+01
.1223447959E+01
.1224738107E+01
.1226025878E+01
.1227308556E+01
.1228582847E+01
.1229845038E+01
.1231091277E+01
.1232317877E+01
.1233521590E+01
.1234699701E+01
.1235849997E+01
.1236970653E+01
.1238060093E+01
.1239116849E+01
.1240139521E+01
.1241126873E+01
.1242078022E+01
.1242992645E+01
.1243871041E+01
.1244714155E+01
.1245523533E+01
.1246301259E+01
.1247050001E+01
.1247772984E+01
.1248473980E+01
.1249157341E+01
.1249827897E+01
.1250490897E+01
.1251151768E+01
.1251815853E+01
.1252488082E+01
.1253172732E+01
.1253873217E+01
.1254591945E+01
.1255330225E+01
.1256088360E+01
.1256865827E+01
.1257661659E+01
.1258474775E+01
.1259304145E+01
.1260148531E+01
.1261006001E+01
.1261873499E+01
.1262746845E+01
.1263621243E+01
.1264491916E+01
.1265354787E+01
.1266207024E+01
.1267047314E+01
.1267875867E+01
.1268694104E+01
.1269504140E+01
.1270308212E+01
.1271108107E+01
.1271904787E+01
.1272698305E+01
.1273487888E+01
.1274272228E+01
.1275050017E+01
.1275820332E+01
.1276583049E+01
.1277338914E+01
.1278089467E+01
.1278836839E+01
.1279583491E+01
.1280332046E+01
.1281085081E+01
.1281845033E+01
.1282614172E+01
.1283394435E+01
.1284187280E+01
.1284993479E+01
.1285812949E+01
.1286644516E+01
.1287485782E+01
.1288333191E+01
.1289182299E+01
.1290028241E+01
.1290866351E+01
.1291692840E+01
.1292505152E+01
.1293302207E+01
.1294084368E+01
.1294853205E+01
.1295611249E+01
.1296361734E+01
.1297108425E+01
.1297855473E+01
.1298607231E+01
.1299368070E+01
.1300141994E+01
.1300932316E+01
.1301741309E+01
.1302570085E+01
.1303418598E+01
.1304285857E+01
.1305170275E+01
.1306070052E+01
.1306983376E+01
.1307908540E+01
.1308843927E+01
.1309788025E+01
.1310739516E+01
.1311697516E+01
.1312661769E+01
.1313632876E+01
.1314612378E+01
.1315602642E+01
.1316606651E+01
.1317627622E+01
.1318668631E+01
.1319732305E+01
.1320820619E+01
.1321934874E+01
.1323075786E+01
.1324243635E+01
.1325438426E+01
.1326659911E+01
.1327907610E+01
.1329180786E+01
.1330478373E+01
.1331798881E+01
.1333140420E+01
.1334500689E+01
.1335877121E+01
.1337267061E+01
.1338667967E+01
.1340077435E+01
.1341493203E+01
.1342913124E+01
.1344335196E+01
.1345757664E+01
.1347179103E+01
.1348598336E+01
.1350014297E+01
.1351425667E+01
.1352830587E+01
.1354226576E+01
.1355610705E+01
.1356980059E+01
.1358332116E+01
.1359664992E+01
.1360977463E+01
.1362268902E+01
.1363539004E+01
.1364787605E+01
.1366014448E+01
.1367218964E+01
.1368400152E+01
.1369556456E+01
.1370685805E+01
.1371785748E+01
.1372853712E+01
.1373887356E+01
.1374884993E+01
.1375845935E+01
.1376770680E+01
.1377660822E+01
.1378518675E+01
.1379346759E+01
.1380147375E+01
.1380922236E+01
.1381672284E+01
.1382397668E+01
.1383097873E+01
.1383771935E+01
.1384418811E+01
.1385037704E+01
.1385628335E+01
.1386191115E+01
.1386727269E+01
.1387238896E+01
.1387728897E+01
.1388200796E+01
.1388658345E+01
.1389105075E+01
.1389543907E+01
.1389977099E+01
.1390406499E+01
.1390833882E+01
.1391261367E+01
.1391691689E+01
.1392128336E+01
.1392575679E+01
.1393038874E+01
.1393523628E+01
.1394035810E+01
.1394581042E+01
.1395164284E+01
.1395789469E+01
.1396459398E+01
.1397175671E+01
.1397938813E+01
.1398748520E+01
.1399603786E+01
.1400502986E+01
.1401443903E+01
.1402423622E+01
.1403438425E+01
.1404483826E+01
.1405554839E+01
.1406646352E+01
.1407753575E+01
.1408872346E+01
.1409999283E+01
.1411131768E+01
.1412267882E+01
.1413406490E+01
.1414547382E+01
.1415691313E+01
.1416840028E+01
.1417996024E+01
.1419162210E+01
.1420341641E+01
.1421537191E+01
.1422751283E+01
.1423985796E+01
.1425241965E+01
.1426520528E+01
.1427822025E+01
.1429147036E+01
.1430496323E+01
.1431870819E+01
.1433271385E+01
.1434698486E+01
.1436151987E+01
.1437631145E+01
.1439134738E+01
.1440661281E+01
.1442209361E+01
.1443777797E+01
.1445365737E+01
.1446972663E+01
.1448598235E+01
.1450242151E+01
.1451903867E+01
.1453582278E+01
.1455275311E+01
.1456979739E+01
.1458691049E+01
.1460403622E+01
.1462111060E+01
.1463806564E+01
.1465483412E+01
.1467135304E+01
.1468756551E+01
.1470342215E+01
.1471888188E+01
.1473391165E+01
.1474848730E+01
.1476259421E+01
.1477622847E+01
.1478939593E+01
.1480210996E+01
.1481438739E+01
.1482624485E+01
.1483769504E+01
.1484874469E+01
.1485939486E+01
.1486964251E+01
.1487948352E+01
.1488891628E+01
.1489794562E+01
.1490658543E+01
.1491485958E+01
.1492280309E+01
.1493046002E+01
.1493788129E+01
.1494512218E+01
.1495223894E+01
.1495928697E+01
.1496631894E+01
.1497338283E+01
.1498052112E+01
.1498777228E+01
.1499517181E+01
.1500275517E+01
.1501055953E+01
.1501862298E+01
.1502698241E+01
.1503567009E+01
.1504471093E+01
.1505412085E+01
.1506390679E+01
.1507406677E+01
.1508459074E+01
.1509546174E+01
.1510665678E+01
.1511814688E+01
.1512989766E+01
.1514186868E+01
.1515401373E+01
.1516628037E+01
.1517861179E+01
.1519094978E+01
.1520323898E+01
.1521543119E+01
.1522748759E+01
.1523938010E+01
.1525109150E+01
.1526261392E+01
.1527394783E+01
.1528510014E+01
.1529608304E+01
.1530691249E+01
.1531760813E+01
.1532819322E+01
.1533869464E+01
.1534914164E+01
.1535956460E+01
.1536999227E+01
.1538044944E+01
.1539095559E+01
.1540152423E+01
.1541216488E+01
.1542288547E+01
.1543369506E+01
.1544460287E+01
.1545561630E+01
.1546673771E+01
.1547796305E+01
.1548928242E+01
.1550068252E+01
.1551214933E+01
.1552367072E+01
.1553523740E+01
.1554684252E+01
.1555847998E+01
.1557014098E+01
.1558181149E+01
.1559347045E+01
.1560508884E+01
.1561663085E+01
.1562805636E+01
.1563932380E+01
.1565039344E+01
.1566123026E+01
.1567180686E+01
.1568210566E+01
.1569212035E+01
.1570185542E+01
.1571132587E+01
.1572055437E+01
.1572956804E+01
.1573839447E+01
.1574705839E+01
.1575557907E+01
.1576396932E+01
.1577223702E+01
.1578038695E+01
.1578842187E+01
.1579634331E+01
.1580415239E+01
.1581185210E+01
.1581945012E+01
.1582696006E+01
.1583440228E+01
.1584180183E+01
.1584918560E+01
.1585657975E+01
.1586400801E+01
.1587149092E+01
.1587904583E+01
.1588668704E+01
.1589442564E+01
.1590226955E+01
.1591022581E+01
.1591830330E+01
.1592651648E+01
.1593488882E+01
.1594345410E+01
.1595225420E+01
.1596133536E+01
.1597074207E+01
.1598051240E+01
.1599067361E+01
.1600124075E+01
.1601221639E+01
.1602359232E+01
.1603535150E+01
.1604747098E+01
.1605992472E+01
.1607268634E+01
.1608573060E+01
.1609903434E+01
.1611257755E+01
.1612634419E+01
.1614032283E+01
.1615450624E+01
.1616888946E+01
.1618346800E+01
.1619823513E+01
.1621318107E+01
.1622829270E+01
.1624355496E+01
.1625895240E+01
.1627447014E+01
.1629009556E+01
.1630581817E+01
.1632162968E+01
.1633752301E+01
.1635349144E+01
.1636952702E+01
.1638561977E+01
.1640175712E+01
.1641792294E+01
.1643409928E+01
.1645026799E+01
.1646641258E+01
.1648251931E+01
.1649857776E+01
.1651457973E+01
.1653051893E+01
.1654638891E+01
.1656218211E+01
.1657788900E+01
.1659349714E+01
.1660899239E+01
.1662436032E+01
.1663958839E+01
.1665466765E+01
.1666959252E+01
.1668435967E+01
.1669896543E+01
.1671340322E+01
.1672766181E+01
.1674172453E+01
.1675556939E+01
.1676916908E+01
.1678249163E+01
.1679550140E+01
.1680816039E+01
.1682043089E+01
.1683227836E+01
.1684367423E+01
.1685459759E+01
.1686503412E+01
.1687497437E+01
.1688441254E+01
.1689334757E+01
.1690178456E+01
.1690973719E+01
.1691722885E+01
.1692429378E+01
.1693097661E+01
.1693733003E+01
.1694341123E+01
.1694927730E+01
.1695498050E+01
.1696056554E+01
.1696606923E+01
.1697152371E+01
.1697695953E+01
.1698240835E+01
.1698790303E+01
.1699347653E+01
.1699916064E+01
.1700498449E+01
.1701097370E+01
.1701714970E+01
.1702353034E+01
.1703013080E+01
.1703696454E+01
.1704404461E+01
.1705138436E+01
.1705899803E+01
.1706690062E+01
.1707510711E+01
.1708363206E+01
.1709248888E+01
.1710168898E+01
.1711124094E+01
.1712115136E+01
.1713142522E+01
.1714206772E+01
.1715308588E+01
.1716448932E+01
.1717628919E+01
.1718849598E+01
.1720111628E+01
.1721415027E+01
.1722758921E+01
.1724141392E+01
.1725559428E+01
.1727008904E+01
.1728484776E+01
.1729981412E+01
.1731493024E+01
.1733014316E+01
.1734540842E+01
.1736069272E+01
.1737597416E+01
.1739124032E+01
.1740648693E+01
.1742171561E+01
.1743693383E+01
.1745215443E+01
.1746739449E+01
.1748267384E+01
.1749801392E+01
.1751343523E+01
.1752895392E+01
.1754457889E+01
.1756030920E+01
.1757613306E+01
.1759203000E+01
.1760797349E+01
.1762393335E+01
.1763987734E+01
.1765577176E+01
.1767158039E+01
.1768726516E+01
.1770278792E+01
.1771811207E+01
.1773320500E+01
.1774804023E+01
.1776259814E+01
.1777686707E+01
.1779084487E+01
.1780454033E+01
.1781797488E+01
.1783118265E+01
.1784420980E+01
.1785711136E+01
.1786994754E+01
.1788277887E+01
.1789566121E+01
.1790864166E+01
.1792175594E+01
.1793502781E+01
.1794847073E+01
.1796208951E+01
.1797588380E+01
.1798985133E+01
.1800399002E+01
.1801829996E+01
.1803278582E+01
.1804745819E+01
.1806233410E+01
.1807743645E+01
.1809279078E+01
.1810842200E+01
.1812435126E+01
.1814059269E+01
.1815714986E+01
.1817401377E+01
.1819116158E+01
.1820855681E+01
.1822615024E+01
.1824388301E+01
.1826168917E+01
.1827949861E+01
.1829724127E+01
.1831485018E+01
.1833226534E+01
.1834943748E+01
.1836633177E+01
.1838292988E+01
.1839923091E+01
.1841524942E+01
.1843101295E+01
.1844655802E+01
.1846192595E+01
.1847715954E+01
.1849230034E+01
.1850738589E+01
.1852244661E+01
.1853750370E+01
.1855256665E+01
.1856763295E+01
.1858268897E+01
.1859771359E+01
.1861268357E+01
.1862757739E+01
.1864237887E+01
.1865707846E+01
.1867167436E+01
.1868617319E+01
.1870058928E+01
.1871494344E+01
.1872926081E+01
.1874356835E+01
.1875789312E+01
.1877225939E+01
.1878668750E+01
.1880119350E+01
.1881579086E+01
.1883049208E+01
.1884530975E+01
.1886025672E+01
.1887534423E+01
.1889057918E+01
.1890596172E+01
.1892148422E+01
.1893713141E+01
.1895288103E+01
.1896870584E+01
.1898457673E+01
.1900046635E+01
.1901635317E+01
.1903222478E+01
.1904807996E+01
.1906392802E+01
.1907978595E+01
.1909567480E+01
.1911161530E+01
.1912762426E+01
.1914371212E+01
.1915988139E+01
.1917612585E+01
.1919242990E+01
.1920876712E+01
.1922509991E+01
.1924137881E+01
.1925754337E+01
.1927352438E+01
.1928924550E+01
.1930462708E+01
.1931958831E+01
.1933405097E+01
.1934794348E+01
.1936120572E+01
.1937379361E+01
.1938568213E+01
.1939686439E+01
.1940734932E+01
.1941715708E+01
.1942631465E+01
.1943485327E+01
.1944280854E+01
.1945022215E+01
.1945714288E+01
.1946362785E+01
.1946974195E+01
.1947555613E+01
.1948114574E+01
.1948658859E+01
.1949196211E+01
.1949734214E+01
.1950280315E+01
.1950841649E+01
.1951425070E+01
.1952037011E+01
.1952683309E+01
.1953368898E+01
.1954097520E+01
.1954871561E+01
.1955692161E+01
.1956559300E+01
.1957472074E+01
.1958428854E+01
.1959427509E+01
.1960465530E+01
.1961540001E+01
.1962647716E+01
.1963785164E+01
.1964948745E+01
.1966134988E+01
.1967340768E+01
.1968563527E+01
.1969801327E+01
.1971052812E+01
.1972317159E+01
.1973593977E+01
.1974883275E+01
.1976185442E+01
.1977501182E+01
.1978831461E+01
.1980177364E+01
.1981539820E+01
.1982919403E+01
.1984315949E+01
.1985728358E+01
.1987154432E+01
.1988590792E+01
.1990033029E+01
.1991476042E+01
.1992914533E+01
.1994343743E+01
.1995760273E+01
.1997162799E+01
.1998552204E+01
.1999931112E+01
.2001303189E+01
.2002672329E+01
.2004042113E+01
.2005415425E+01
.2006794273E+01
.2008179775E+01
.2009572103E+01
.2010970394E+01
.2012372620E+01
.2013775686E+01
.2015175604E+01
.2016567917E+01
.2017948371E+01
.2019313574E+01
.2020661386E+01
.2021991180E+01
.2023303702E+01
.2024600698E+01
.2025884411E+01
.2027157179E+01
.2028421233E+01
.2029678593E+01
.2030931132E+01
.2032180832E+01
.2033429841E+01
.2034680597E+01
.2035935831E+01
.2037198410E+01
.2038471154E+01
.2039756620E+01
.2041056907E+01
.2042373499E+01
.2043707195E+01
.2045058093E+01
.2046425580E+01
.2047808504E+01
.2049205307E+01
.2050614276E+01
.2052033738E+01
.2053462242E+01
.2054898713E+01
.2056342681E+01
.2057794357E+01
.2059254674E+01
.2060725125E+01
.2062207542E+01
.2063703777E+01
.2065215336E+01
.2066742927E+01
.2068286129E+01
.2069843202E+01
.2071410991E+01
.2072985062E+01
.2074559857E+01
.2076128971E+01
.2077685381E+01
.2079221705E+01
.2080730444E+01
.2082204317E+01
.2083636616E+01
.2085021564E+01
.2086354713E+01
.2087633171E+01
.2088855603E+01
.2090022061E+01
.2091133545E+01
.2092191587E+01
.2093197859E+01
.2094154043E+01
.2095061916E+01
.2095923627E+01
.2096741984E+01
.2097520505E+01
.2098263396E+01
.2098975278E+01
.2099660853E+01
.2100324643E+01
.2100970830E+01
.2101603265E+01
.2102225666E+01
.2102841797E+01
.2103455695E+01
.2104071876E+01
.2104695329E+01
.2105331422E+01
.2105985845E+01
.2106664348E+01
.2107372670E+01
.2108116329E+01
.2108900683E+01
.2109730883E+01
.2110611898E+01
.2111548339E+01
.2112544383E+01
.2113603641E+01
.2114728944E+01
.2115922169E+01
.2117184137E+01
.2118514552E+01
.2119912090E+01
.2121374328E+01
.2122897678E+01
.2124477271E+01
.2126106977E+01
.2127779423E+01
.2129486179E+01
.2131218080E+01
.2132965746E+01
.2134720108E+01
.2136472985E+01
.2138217503E+01
.2139948394E+01
.2141662064E+01
.2143356531E+01
.2145031158E+01
.2146686439E+01
.2148323778E+01
.2149945284E+01
.2151553593E+01
.2153151868E+01
.2154743783E+01
.2156333583E+01
.2157926153E+01
.2159527117E+01
.2161142722E+01
.2162779639E+01
.2164444468E+01
.2166143157E+01
.2167880257E+01
.2169658285E+01
.2171477334E+01
.2173335030E+01
.2175226768E+01
.2177146032E+01
.2179084947E+01
.2181034762E+01
.2182986385E+01
.2184930976E+01
.2186860547E+01
.2188768395E+01
.2190649307E+01
.2192499445E+01
.2194316066E+01
.2196097180E+01
.2197841151E+01
.2199546485E+01
.2201211654E+01
.2202835217E+01
.2204415868E+01
.2205952661E+01
.2207445117E+01
.2208893237E+01
.2210297374E+01
.2211658087E+01
.2212975971E+01
.2214251534E+01
.2215485038E+01
.2216676446E+01
.2217825455E+01
.2218931688E+01
.2219995075E+01
.2221016323E+01
.2221997317E+01
.2222941391E+01
.2223853403E+01
.2224739657E+01
.2225607902E+01
.2226467172E+01
.2227327698E+01
.2228200523E+01
.2229096976E+01
.2230028002E+01
.2231003631E+01
.2232032576E+01
.2233122127E+01
.2234278320E+01
.2235506026E+01
.2236809083E+01
.2238190253E+01
.2239651094E+01
.2241191919E+01
.2242811711E+01
.2244508358E+01
.2246278873E+01
.2248119872E+01
.2250027956E+01
.2251999963E+01
.2254032993E+01
.2256124222E+01
.2258270592E+01
.2260468564E+01
.2262714019E+01
.2265002186E+01
.2267327695E+01
.2269684533E+01
.2272065965E+01
.2274464502E+01
.2276871718E+01
.2279278191E+01
.2281673411E+01
.2284045987E+01
.2286384010E+01
.2288675660E+01
.2290909998E+01
.2293077790E+01
.2295172249E+01
.2297189625E+01
.2299129463E+01
.2300994531E+01
.2302790439E+01
.2304525055E+01
.2306207745E+01
.2307848581E+01
.2309457644E+01
.2311044328E+01
.2312616974E+01
.2314182532E+01
.2315746110E+01
.2317310553E+01
.2318876269E+01
.2320441326E+01
.2322002008E+01
.2323553713E+01
.2325091991E+01
.2326613296E+01
.2328115545E+01
.2329598290E+01
.2331062621E+01
.2332510973E+01
.2333946710E+01
.2335373762E+01
.2336796214E+01
.2338217739E+01
.2339641270E+01
.2341068656E+01
.2342500408E+01
.2343935703E+01
.2345372430E+01
.2346807412E+01
.2348236454E+01
.2349654193E+01
.2351053981E+01
.2352427908E+01
.2353767068E+01
.2355061899E+01
.2356302891E+01
.2357481368E+01
.2358590269E+01
.2359624836E+01
.2360583188E+01
.2361466361E+01
.2362277904E+01
.2363023285E+01
.2363709182E+01
.2364342988E+01
.2364932445E+01
.2365485351E+01
.2366009433E+01
.2366512306E+01
.2367001453E+01
.2367484211E+01
.2367967900E+01
.2368460021E+01
.2368968266E+01
.2369500604E+01
.2370065129E+01
.2370669848E+01
.2371322231E+01
.2372028766E+01
.2372794469E+01
.2373622494E+01
.2374513961E+01
.2375468020E+01
.2376481987E+01
.2377551597E+01
.2378671287E+01
.2379834596E+01
.2381034576E+01
.2382264065E+01
.2383516062E+01
.2384784008E+01
.2386062164E+01
.2387346118E+01
.2388633171E+01
.2389922470E+01
.2391214888E+01
.2392512521E+01
.2393818047E+01
.2395134182E+01
.2396463279E+01
.2397807253E+01
.2399167619E+01
.2400545626E+01
.2401942445E+01
.2403359175E+01
.2404796808E+01
.2406256107E+01
.2407737342E+01
.2409240228E+01
.2410763760E+01
.2412305991E+01
.2413863921E+01
.2415433264E+01
.2417008319E+01
.2418581921E+01
.2420145546E+01
.2421689718E+01
.2423204457E+01
.2424680003E+01
.2426107431E+01
.2427479343E+01
.2428790032E+01
.2430035452E+01
.2431212736E+01
.2432319727E+01
.2433354802E+01
.2434317199E+01
.2435207820E+01
.2436030158E+01
.2436790820E+01
.2437499311E+01
.2438167248E+01
.2438807183E+01
.2439431547E+01
.2440052033E+01
.2440679268E+01
.2441322840E+01
.2441991418E+01
.2442692930E+01
.2443434588E+01
.2444222635E+01
.2445061947E+01
.2445955580E+01
.2446904316E+01
.2447906372E+01
.2448957407E+01
.2450050907E+01
.2451178895E+01
.2452332918E+01
.2453505119E+01
.2454689399E+01
.2455882086E+01
.2457082231E+01
.2458291393E+01
.2459512991E+01
.2460751432E+01
.2462011264E+01
.2463296467E+01
.2464609985E+01
.2465953438E+01
.2467326943E+01
.2468729004E+01
.2470156439E+01
.2471604414E+01
.2473066506E+01
.2474534714E+01
.2475999523E+01
.2477450098E+01
.2478874431E+01
.2480259770E+01
.2481593176E+01
.2482862263E+01
.2484055948E+01
.2485165283E+01
.2486184155E+01
.2487109732E+01
.2487942646E+01
.2488686684E+01
.2489348381E+01
.2489936336E+01
.2490460700E+01
.2490932574E+01
.2491363702E+01
.2491766036E+01
.2492151159E+01
.2492529811E+01
.2492911346E+01
.2493303464E+01
.2493712058E+01
.2494141303E+01
.2494593866E+01
.2495071296E+01
.2495574358E+01
.2496103316E+01
.2496658005E+01
.2497237683E+01
.2497840806E+01
.2498464963E+01
.2499106866E+01
.2499762584E+01
.2500427995E+01
.2501099021E+01
.2501771974E+01
.2502443747E+01
.2503111853E+01
.2503774382E+01
.2504429854E+01
.2505077027E+01
.2505714759E+01
.2506342078E+01
.2506958459E+01
.2507564144E+01
.2508160613E+01
.2508751093E+01
.2509340985E+01
.2509938019E+01
.2510551922E+01
.2511193593E+01
.2511874128E+01
.2512603784E+01
.2513391262E+01
.2514243202E+01
.2515163835E+01
.2516154801E+01
.2517215138E+01
.2518341436E+01
.2519528182E+01
.2520768202E+01
.2522053099E+01
.2523373709E+01
.2524720424E+01
.2526083590E+01
.2527453960E+01
.2528823001E+01
.2530183368E+01
.2531529190E+01
.2532856278E+01
.2534162285E+01
.2535446701E+01
.2536710800E+01
.2537957354E+01
.2539190097E+01
.2540413074E+01
.2541630010E+01
.2542843710E+01
.2544055804E+01
.2545266732E+01
.2546475863E+01
.2547681758E+01
.2548882487E+01
.2550075971E+01
.2551260163E+01
.2552433265E+01
.2553593673E+01
.2554739757E+01
.2555869681E+01
.2556981158E+01
.2558071449E+01
.2559137439E+01
.2560175862E+01
.2561183477E+01
.2562157233E+01
.2563094450E+01
.2563992915E+01
.2564851009E+01
.2565667849E+01
.2566443383E+01
.2567178480E+01
.2567874904E+01
.2568535383E+01
.2569163437E+01
.2569763021E+01
.2570338311E+01
.2570893531E+01
.2571432850E+01
.2571960502E+01
.2572480755E+01
.2572997689E+01
.2573514927E+01
.2574035274E+01
.2574560547E+01
.2575091688E+01
.2575628953E+01
.2576172293E+01
.2576721712E+01
.2577277545E+01
.2577840474E+01
.2578411426E+01
.2578991387E+01
.2579581158E+01
.2580181324E+01
.2580792025E+01
.2581412980E+01
.2582043448E+01
.2582682371E+01
.2583328467E+01
.2583980491E+01
.2584637512E+01
.2585299203E+01
.2585965999E+01
.2586639156E+01
.2587320723E+01
.2588013307E+01
.2588719988E+01
.2589444174E+01
.2590189419E+01
.2590959243E+01
.2591756931E+01
.2592585194E+01
.2593445913E+01
.2594340004E+01
.2595267393E+01
.2596226969E+01
.2597216706E+01
.2598233684E+01
.2599274241E+01
.2600334277E+01
.2601409797E+01
.2602497584E+01
.2603595725E+01
.2604703650E+01
.2605821910E+01
.2606951533E+01
.2608093522E+01
.2609248356E+01
.2610415622E+01
.2611593681E+01
.2612779467E+01
.2613968535E+01
.2615155296E+01
.2616333596E+01
.2617497282E+01
.2618640915E+01
.2619760263E+01
.2620852603E+01
.2621916763E+01
.2622952807E+01
.2623961627E+01
.2624944512E+01
.2625902860E+01
.2626838098E+01
.2627751616E+01
.2628644944E+01
.2629520039E+01
.2630379611E+01
.2631227416E+01
.2632068176E+01
.2632907236E+01
.2633749930E+01
.2634600889E+01
.2635463448E+01
.2636339498E+01
.2637229617E+01
.2638133324E+01
.2639049457E+01
.2639976424E+01
.2640912448E+01
.2641855882E+01
.2642805426E+01
.2643760485E+01
.2644721191E+01
.2645688260E+01
.2646662558E+01
.2647644469E+01
.2648633462E+01
.2649627674E+01
.2650623735E+01
.2651616908E+01
.2652601372E+01
.2653570626E+01
.2654518091E+01
.2655437585E+01
.2656323780E+01
.2657172603E+01
.2657981604E+01
.2658750084E+01
.2659479146E+01
.2660171450E+01
.2660830855E+01
.2661461864E+01
.2662068896E+01
.2662655899E+01
.2663225995E+01
.2663781531E+01
.2664324228E+01
.2664855624E+01
.2665377595E+01
.2665892678E+01
.2666404193E+01
.2666916046E+01
.2667432404E+01
.2667957287E+01
.2668494233E+01
.2669046297E+01
.2669616136E+01
.2670206312E+01
.2670819537E+01
.2671458901E+01
.2672128020E+01
.2672831212E+01
.2673573383E+01
.2674359788E+01
.2675195768E+01
.2676086551E+01
.2677037221E+01
.2678052742E+01
.2679138005E+01
.2680297572E+01
.2681535251E+01
.2682853602E+01
.2684253497E+01
.2685733929E+01
.2687292050E+01
.2688923391E+01
.2690622082E+01
.2692381099E+01
.2694192331E+01
.2696046627E+01
.2697933894E+01
.2699843336E+01
.2701763897E+01
.2703684904E+01
.2705596715E+01
.2707491303E+01
.2709362626E+01
.2711206637E+01
.2713021121E+01
.2714805373E+01
.2716559791E+01
.2718285443E+01
.2719983648E+01
.2721655593E+01
.2723302147E+01
.2724923642E+01
.2726519593E+01
.2728088647E+01
.2729628356E+01
.2731135322E+01
.2732605214E+01
.2734032992E+01
.2735413127E+01
.2736739849E+01
.2738007304E+01
.2739209605E+01
.2740340976E+01
.2741395903E+01
.2742369345E+01
.2743257141E+01
.2744056245E+01
.2744765090E+01
.2745383765E+01
.2745914197E+01
.2746360111E+01
.2746726870E+01
.2747021134E+01
.2747250422E+01
.2747422636E+01
.2747545649E+01
.2747626827E+01
.2747673006E+01
.2747690409E+01
.2747684876E+01
.2747662083E+01
.2747627636E+01
.2747587031E+01
.2747545402E+01
.2747507266E+01
.2747476287E+01
.2747455219E+01
.2747446003E+01
.2747450075E+01
.2747468807E+01
.2747503763E+01
.2747556858E+01
.2747630351E+01
.2747726769E+01
.2747848694E+01
.2747998504E+01
.2748178231E+01
.2748389538E+01
.2748633924E+01
.2748912923E+01
.2749228153E+01
.2749581162E+01
.2749973137E+01
.2750404463E+01
.2750874414E+01
.2751381095E+01
.2751921402E+01
.2752491187E+01
.2753085421E+01
.2753698460E+01
.2754324300E+01
.2754956993E+01
.2755590844E+01
.2756220650E+01
.2756841706E+01
.2757449669E+01
.2758040418E+01
.2758609921E+01
.2759154232E+01
.2759669531E+01
.2760152111E+01
.2760598628E+01
.2761006091E+01
.2761371927E+01
.2761694049E+01
.2761970925E+01
.2762201736E+01
.2762386595E+01
.2762526751E+01
.2762624774E+01
.2762684764E+01
.2762712269E+01
.2762714055E+01
.2762697820E+01
.2762671908E+01
.2762645037E+01
.2762626163E+01
.2762624428E+01
.2762649180E+01
.2762709873E+01
.2762816004E+01
.2762977007E+01
.2763202042E+01
.2763499787E+01
.2763878183E+01
.2764344071E+01
.2764902958E+01
.2765558801E+01
.2766313953E+01
.2767169190E+01
.2768123757E+01
.2769175420E+01
.2770320652E+01
.2771554779E+01
.2772872410E+01
.2774267867E+01
.2775735362E+01
.2777269031E+01
.2778862567E+01
.2780508978E+01
.2782200294E+01
.2783927576E+01
.2785680976E+01
.2787450092E+01
.2789224313E+01
.2790993394E+01
.2792747934E+01
.2794479829E+01
.2796182569E+01
.2797851237E+01
.2799482150E+01
.2801072427E+01
.2802619368E+01
.2804119970E+01
.2805570684E+01
.2806967347E+01
.2808305452E+01
.2809580314E+01
.2810787509E+01
.2811923112E+01
.2812983967E+01
.2813967888E+01
.2814873799E+01
.2815702018E+01
.2816454329E+01
.2817133983E+01
.2817745478E+01
.2818294221E+01
.2818786170E+01
.2819227779E+01
.2819625863E+01
.2819987715E+01
.2820321372E+01
.2820635776E+01
.2820940701E+01
.2821246287E+01
.2821562321E+01
.2821897584E+01
.2822259468E+01
.2822653774E+01
.2823084845E+01
.2823555724E+01
.2824068443E+01
.2824624322E+01
.2825224366E+01
.2825869643E+01
.2826561653E+01
.2827302589E+01
.2828095534E+01
.2828944396E+01
.2829853754E+01
.2830828479E+01
.2831873324E+01
.2832992501E+01
.2834189232E+01
.2835465317E+01
.2836820682E+01
.2838253235E+01
.2839758840E+01
.2841331612E+01
.2842964365E+01
.2844648927E+01
.2846376436E+01
.2848137340E+01
.2849921313E+01
.2851717180E+01
.2853512879E+01
.2855295709E+01
.2857052922E+01
.2858772379E+01
.2860443214E+01
.2862056351E+01
.2863604779E+01
.2865083701E+01
.2866490649E+01
.2867825620E+01
.2869091231E+01
.2870292666E+01
.2871437430E+01
.2872534877E+01
.2873595445E+01
.2874629842E+01
.2875648211E+01
.2876659538E+01
.2877671331E+01
.2878689500E+01
.2879718392E+01
.2880760985E+01
.2881818946E+01
.2882892825E+01
.2883982202E+01
.2885086147E+01
.2886203586E+01
.2887333741E+01
.2888476301E+01
.2889631300E+01
.2890798818E+01
.2891978488E+01
.2893168864E+01
.2894367097E+01
.2895568623E+01
.2896767063E+01
.2897954440E+01
.2899121662E+01
.2900259336E+01
.2901358681E+01
.2902412514E+01
.2903415997E+01
.2904366972E+01
.2905265972E+01
.2906115899E+01
.2906921436E+01
.2907688313E+01
.2908422550E+01
.2909129991E+01
.2909816200E+01
.2910486628E+01
.2911146893E+01
.2911803151E+01
.2912462265E+01
.2913131865E+01
.2913820223E+01
.2914535854E+01
.2915287013E+01
.2916080948E+01
.2916923160E+01
.2917816860E+01
.2918762605E+01
.2919758321E+01
.2920799559E+01
.2921880070E+01
.2922992404E+01
.2924128384E+01
.2925279388E+01
.2926436519E+01
.2927590761E+01
.2928733450E+01
.2929856764E+01
.2930954448E+01
.2932022315E+01
.2933058471E+01
.2934063090E+01
.2935037849E+01
.2935985188E+01
.2936907623E+01
.2937807260E+01
.2938685520E+01
.2939542998E+01
.2940379555E+01
.2941194414E+01
.2941986472E+01
.2942754609E+01
.2943497990E+01
.2944216227E+01
.2944909521E+01
.2945578698E+01
.2946225231E+01
.2946851324E+01
.2947459872E+01
.2948054260E+01
.2948637884E+01
.2949213700E+01
.2949783879E+01
.2950349778E+01
.2950912130E+01
.2951471486E+01
.2952028497E+01
.2952584109E+01
.2953139624E+01
.2953696749E+01
.2954257609E+01
.2954824923E+01
.2955402166E+01
.2955993547E+01
.2956603685E+01
.2957237051E+01
.2957897592E+01
.2958588527E+01
.2959312456E+01
.2960071510E+01
.2960867458E+01
.2961701692E+01
.2962575121E+01
.2963487856E+01
.2964438956E+01
.2965426202E+01
.2966446142E+01
.2967494236E+01
.2968565246E+01
.2969653625E+01
.2970754064E+01
.2971861885E+01
.2972973373E+01
.2974085830E+01
.2975197653E+01
.2976308341E+01
.2977418427E+01
.2978529511E+01
.2979644225E+01
.2980766191E+01
.2981899795E+01
.2983049906E+01
.2984221700E+01
.2985420525E+01
.2986651918E+01
.2987921497E+01
.2989234849E+01
.2990596937E+01
.2992011584E+01
.2993480846E+01
.2995004662E+01
.2996580654E+01
.2998204153E+01
.2999868342E+01
.3001564481E+01
.3003282165E+01
.3005009861E+01
.3006735451E+01
.3008446830E+01
.3010132454E+01
.3011781692E+01
.3013384868E+01
.3014933118E+01
.3016418156E+01
.3017832088E+01
.3019167068E+01
.3020415394E+01
.3021569843E+01
.3022624540E+01
.3023576096E+01
.3024424278E+01
.3025172139E+01
.3025825365E+01
.3026391457E+01
.3026878847E+01
.3027296158E+01
.3027651642E+01
.3027952972E+01
.3028207374E+01
.3028422072E+01
.3028604604E+01
.3028762846E+01
.3028905010E+01
.3029039588E+01
.3029175478E+01
.3029322048E+01
.3029488685E+01
.3029683900E+01
.3029914267E+01
.3030183825E+01
.3030494260E+01
.3030845486E+01
.3031236451E+01
.3031665807E+01
.3032132563E+01
.3032636455E+01
.3033178251E+01
.3033759458E+01
.3034381943E+01
.3035047344E+01
.3035756742E+01
.3036510489E+01
.3037307993E+01
.3038147642E+01
.3039026916E+01
.3039942608E+01
.3040891278E+01
.3041869837E+01
.3042875988E+01
.3043908470E+01
.3044967166E+01
.3046052724E+01
.3047166133E+01
.3048308266E+01
.3049479574E+01
.3050679797E+01
.3051907904E+01
.3053161894E+01
.3054438735E+01
.3055734196E+01
.3057042725E+01
.3058357422E+01
.3059670369E+01
.3060972923E+01
.3062256320E+01
.3063512309E+01
.3064733712E+01
.3065914726E+01
.3067051145E+01
.3068140277E+01
.3069180645E+01
.3070171656E+01
.3071113283E+01
.3072005693E+01
.3072849149E+01
.3073644023E+01
.3074391072E+01
.3075092027E+01
.3075749980E+01
.3076369519E+01
.3076956720E+01
.3077518856E+01
.3078063865E+01
.3078599840E+01
.3079134411E+01
.3079674289E+01
.3080225049E+01
.3080791237E+01
.3081376482E+01
.3081983893E+01
.3082616339E+01
.3083276724E+01
.3083968269E+01
.3084694686E+01
.3085460142E+01
.3086269146E+01
.3087126366E+01
.3088036318E+01
.3089002968E+01
.3090029325E+01
.3091116983E+01
.3092265792E+01
.3093473700E+01
.3094736731E+01
.3096049188E+01
.3097404111E+01
.3098793984E+01
.3100211704E+01
.3101651531E+01
.3103109732E+01
.3104584583E+01
.3106075647E+01
.3107582888E+01
.3109105602E+01
.3110641847E+01
.3112188106E+01
.3113739422E+01
.3115289594E+01
.3116831603E+01
.3118358178E+01
.3119862261E+01
.3121337549E+01
.3122778983E+01
.3124183133E+01
.3125548410E+01
.3126875219E+01
.3128165969E+01
.3129424943E+01
.3130658108E+01
.3131872833E+01
.3133077566E+01
.3134281379E+01
.3135493520E+01
.3136722899E+01
.3137977632E+01
.3139264648E+01
.3140589400E+01
.3141955614E+01
.3143365242E+01
.3144818492E+01
.3146313838E+01
.3147848123E+01
.3149416677E+01
.3151013526E+01
.3152631575E+01
.3154262916E+01
.3155899260E+01
.3157532431E+01
.3159155003E+01
.3160760725E+01
.3162344924E+01
.3163904569E+01
.3165438022E+01
.3166944517E+01
.3168423664E+01
.3169874944E+01
.3171297587E+01
.3172690486E+01
.3174052473E+01
.3175382502E+01
.3176679882E+01
.3177944504E+01
.3179176826E+01
.3180377896E+01
.3181549191E+01
.3182692514E+01
.3183809776E+01
.3184902810E+01
.3185973111E+01
.3187021522E+01
.3188047957E+01
.3189051354E+01
.3190029744E+01
.3190980695E+01
.3191901950E+01
.3192792057E+01
.3193651002E+01
.3194480799E+01
.3195285646E+01
.3196071962E+01
.3196847999E+01
.3197623141E+01
.3198407037E+01
.3199208613E+01
.3200035427E+01
.3200893191E+01
.3201785931E+01
.3202716451E+01
.3203687092E+01
.3204700556E+01
.3205760254E+01
.3206870026E+01
.3208033354E+01
.3209252305E+01
.3210526545E+01
.3211852970E+01
.3213225722E+01
.3214636898E+01
.3216077259E+01
.3217537170E+01
.3219007387E+01
.3220479577E+01
.3221946867E+01
.3223404180E+01
.3224848482E+01
.3226278799E+01
.3227696063E+01
.3229102693E+01
.3230502057E+01
.3231897922E+01
.3233293815E+01
.3234692495E+01
.3236095504E+01
.3237502946E+01
.3238913336E+01
.3240323675E+01
.3241729630E+01
.3243125975E+01
.3244507202E+01
.3245868069E+01
.3247203991E+01
.3248511291E+01
.3249787231E+01
.3251029971E+01
.3252238585E+01
.3253413163E+01
.3254555032E+01
.3255667071E+01
.3256754056E+01
.3257822451E+01
.3258879941E+01
.3259934689E+01
.3260994248E+01
.3262064495E+01
.3263148837E+01
.3264247600E+01
.3265357991E+01
.3266474602E+01
.3267590294E+01
.3268697220E+01
.3269787951E+01
.3270856183E+01
.3271897399E+01
.3272908896E+01
.3273889677E+01
.3274839985E+01
.3275760717E+01
.3276652913E+01
.3277517330E+01
.3278354272E+01
.3279163930E+01
.3279947029E+01
.3280705571E+01
.3281443590E+01
.3282167598E+01
.3282886637E+01
.3283611855E+01
.3284355578E+01
.3285130333E+01
.3285947882E+01
.3286818735E+01
.3287752283E+01
.3288757717E+01
.3289844930E+01
.3291024471E+01
.3292306539E+01
.3293699413E+01
.3295208252E+01
.3296834444E+01
.3298575509E+01
.3300425382E+01
.3302374940E+01
.3304412840E+01
.3306526353E+01
.3308702088E+01
.3310926512E+01
.3313186190E+01
.3315467905E+01
.3317758757E+01
.3320046294E+01
.3322318758E+01
.3324565382E+01
.3326776755E+01
.3328945156E+01
.3331064790E+01
.3333131864E+01
.3335144380E+01
.3337101686E+01
.3339003861E+01
.3340851268E+01
.3342644276E+01
.3344383375E+01
.3346069448E+01
.3347704165E+01
.3349290108E+01
.3350830823E+01
.3352330605E+01
.3353794142E+01
.3355226223E+01
.3356631514E+01
.3358014554E+01
.3359379885E+01
.3360732109E+01
.3362075865E+01
.3363415566E+01
.3364755046E+01
.3366096977E+01
.3367442566E+01
.3368791164E+01
.3370140279E+01
.3371485751E+01
.3372822280E+01
.3374144002E+01
.3375445178E+01
.3376720903E+01
.3377967468E+01
.3379182470E+01
.3380364704E+01
.3381513934E+01
.3382630530E+01
.3383715161E+01
.3384768469E+01
.3385790907E+01
.3386782715E+01
.3387743961E+01
.3388674586E+01
.3389574728E+01
.3390444854E+01
.3391285756E+01
.3392098532E+01
.3392884473E+01
.3393644927E+01
.3394381168E+01
.3395094319E+01
.3395785620E+01
.3396456534E+01
.3397109232E+01
.3397746608E+01
.3398372208E+01
.3398989597E+01
.3399601728E+01
.3400210468E+01
.3400816235E+01
.3401417963E+01
.3402013223E+01
.3402598639E+01
.3403170337E+01
.3403724606E+01
.3404258318E+01
.3404769373E+01
.3405256858E+01
.3405720836E+01
.3406162073E+01
.3406581511E+01
.3406979786E+01
.3407356903E+01
.3407711842E+01
.3408042439E+01
.3408345413E+01
.3408616776E+01
.3408852347E+01
.3409048637E+01
.3409203782E+01
.3409318464E+01
.3409396558E+01
.3409445289E+01
.3409474929E+01
.3409497967E+01
.3409528020E+01
.3409578597E+01
.3409661866E+01
.3409787731E+01
.3409962981E+01
.3410190976E+01
.3410471729E+01
.3410802335E+01
.3411177751E+01
.3411591635E+01
.3412037299E+01
.3412508515E+01
.3413000152E+01
.3413508392E+01
.3414030780E+01
.3414566118E+01
.3415114395E+01
.3415677026E+01
.3416257095E+01
.3416859523E+01
.3417490999E+01
.3418159611E+01
.3418873988E+01
.3419642428E+01
.3420471958E+01
.3421367552E+01
.3422331601E+01
.3423363725E+01
.3424460999E+01
.3425618379E+01
.3426829520E+01
.3428087442E+01
.3429385279E+01
.3430716859E+01
.3432077045E+01
.3433461757E+01
.3434867833E+01
.3436292767E+01
.3437734289E+01
.3439190073E+01
.3440657616E+01
.3442134423E+01
.3443618308E+01
.3445107802E+01
.3446602414E+01
.3448102381E+01
.3449608342E+01
.3451120804E+01
.3452639635E+01
.3454163716E+01
.3455690704E+01
.3457217063E+01
.3458738068E+01
.3460247779E+01
.3461739080E+01
.3463203545E+01
.3464631589E+01
.3466012644E+01
.3467335689E+01
.3468590040E+01
.3469766339E+01
.3470857359E+01
.3471858480E+01
.3472767661E+01
.3473584981E+01
.3474311992E+01
.3474950942E+01
.3475504435E+01
.3475975234E+01
.3476366230E+01
.3476680406E+01
.3476920971E+01
.3477091348E+01
.3477195268E+01
.3477236850E+01
.3477220519E+01
.3477150990E+01
.3477033300E+01
.3476873014E+01
.3476676561E+01
.3476451607E+01
.3476207497E+01
.3475955367E+01
.3475708172E+01
.3475480287E+01
.3475286998E+01
.3475143684E+01
.3475065189E+01
.3475065265E+01
.3475156300E+01
.3475349151E+01
.3475653093E+01
.3476075568E+01
.3476621864E+01
.3477294784E+01
.3478094470E+01
.3479018514E+01
.3480062348E+01
.3481219794E+01
.3482483612E+01
.3483845720E+01
.3485297281E+01
.3486828647E+01
.3488429452E+01
.3490088726E+01
.3491795332E+01
.3493538377E+01
.3495307660E+01
.3497093952E+01
.3498889296E+01
.3500687041E+01
.3502481785E+01
.3504268998E+01
.3506044526E+01
.3507803939E+01
.3509541991E+01
.3511252543E+01
.3512928575E+01
.3514562354E+01
.3516145693E+01
.3517670343E+01
.3519128397E+01
.3520512674E+01
.3521817010E+01
.3523036521E+01
.3524167728E+01
.3525208638E+01
.3526158954E+01
.3527020329E+01
.3527796599E+01
.3528493875E+01
.3529120342E+01
.3529685715E+01
.3530200409E+01
.3530674713E+01
.3531118229E+01
.3531539530E+01
.3531946243E+01
.3532345290E+01
.3532743418E+01
.3533147424E+01
.3533564330E+01
.3534001188E+01
.3534464735E+01
.3534960858E+01
.3535494248E+01
.3536068030E+01
.3536683624E+01
.3537340948E+01
.3538038748E+01
.3538775034E+01
.3539547530E+01
.3540354027E+01
.3541192497E+01
.3542060911E+01
.3542957193E+01
.3543879088E+01
.3544824019E+01
.3545789284E+01
.3546772103E+01
.3547769857E+01
.3548780438E+01
.3549802289E+01
.3550834451E+01
.3551876485E+01
.3552928511E+01
.3553991313E+01
.3555066456E+01
.3556156410E+01
.3557264488E+01
.3558394651E+01
.3559551066E+01
.3560737711E+01
.3561957867E+01
.3563213670E+01
.3564505492E+01
.3565831280E+01
.3567186051E+01
.3568561905E+01
.3569948739E+01
.3571335546E+01
.3572711788E+01
.3574068587E+01
.3575399507E+01
.3576700851E+01
.3577971405E+01
.3579211977E+01
.3580424741E+01
.3581612686E+01
.3582779203E+01
.3583927860E+01
.3585062234E+01
.3586185846E+01
.3587302065E+01
.3588414122E+01
.3589525114E+01
.3590638078E+01
.3591756067E+01
.3592882235E+01
.3594019880E+01
.3595172119E+01
.3596341581E+01
.3597529844E+01
.3598737129E+01
.3599962132E+01
.3601202119E+01
.3602453300E+01
.3603711222E+01
.3604971209E+01
.3606228605E+01
.3607478872E+01
.3608717662E+01
.3609940729E+01
.3611143922E+01
.3612323168E+01
.3613474677E+01
.3614595115E+01
.3615681921E+01
.3616733580E+01
.3617749864E+01
.3618732057E+01
.3619682897E+01
.3620606355E+01
.3621507081E+01
.3622389587E+01
.3623257415E+01
.3624112525E+01
.3624955184E+01
.3625784289E+01
.3626597893E+01
.3627393898E+01
.3628170536E+01
.3628926810E+01
.3629662572E+01
.3630378418E+01
.3631075397E+01
.3631754851E+01
.3632418349E+01
.3633067595E+01
.3633704357E+01
.3634330366E+01
.3634947247E+01
.3635556403E+01
.3636159223E+01
.3636757183E+01
.3637352208E+01
.3637946917E+01
.3638544715E+01
.3639149747E+01
.3639766748E+01
.3640400748E+01
.3641056805E+01
.3641739662E+01
.3642453273E+01
.3643200146E+01
.3643980697E+01
.3644792576E+01
.3645630263E+01
.3646484975E+01
.3647345032E+01
.3648196738E+01
.3649025443E+01
.3649816683E+01
.3650557305E+01
.3651236293E+01
.3651845333E+01
.3652379089E+01
.3652835320E+01
.3653214667E+01
.3653520321E+01
.3653757692E+01
.3653933994E+01
.3654057902E+01
.3654138993E+01
.3654187221E+01
.3654212417E+01
.3654223912E+01
.3654230169E+01
.3654238748E+01
.3654256304E+01
.3654288793E+01
.3654341690E+01
.3654420097E+01
.3654528719E+01
.3654671814E+01
.3654852954E+01
.3655074940E+01
.3655339849E+01
.3655649079E+01
.3656003422E+01
.3656403110E+01
.3656847796E+01
.3657336690E+01
.3657868740E+01
.3658442887E+01
.3659058386E+01
.3659714906E+01
.3660412514E+01
.3661151646E+01
.3661932952E+01
.3662757117E+01
.3663624889E+01
.3664537150E+01
.3665494985E+01
.3666499674E+01
.3667552700E+01
.3668655670E+01
.3669810106E+01
.3671017222E+01
.3672277835E+01
.3673592138E+01
.3674959524E+01
.3676378523E+01
.3677846802E+01
.3679361166E+01
.3680917901E+01
.3682513065E+01
.3684142757E+01
.3685803316E+01
.3687491522E+01
.3689204677E+01
.3690940749E+01
.3692698342E+01
.3694476681E+01
.3696275514E+01
.3698094977E+01
.3699935454E+01
.3701797492E+01
.3703681703E+01
.3705588748E+01
.3707519212E+01
.3709473629E+01
.3711452321E+01
.3713455362E+01
.3715482295E+01
.3717531939E+01
.3719601930E+01
.3721688232E+01
.3723784587E+01
.3725882207E+01
.3727969801E+01
.3730033937E+01
.3732059808E+01
.3734032308E+01
.3735937250E+01
.3737762315E+01
.3739497667E+01
.3741136193E+01
.3742673580E+01
.3744108137E+01
.3745440504E+01
.3746673273E+01
.3747810553E+01
.3748857514E+01
.3749820102E+01
.3750704957E+01
.3751519359E+01
.3752271206E+01
.3752968568E+01
.3753619326E+01
.3754230571E+01
.3754808204E+01
.3755356898E+01
.3755880311E+01
.3756381690E+01
.3756864403E+01
.3757332464E+01
.3757790774E+01
.3758244938E+01
.3758700795E+01
.3759163860E+01
.3759638927E+01
.3760129943E+01
.3760640220E+01
.3761172694E+01
.3761730340E+01
.3762316417E+01
.3762934434E+01
.3763587803E+01
.3764279237E+01
.3765010104E+01
.3765780032E+01
.3766587048E+01
.3767427794E+01
.3768297847E+01
.3769192010E+01
.3770104643E+01
.3771030142E+01
.3771963153E+01
.3772898919E+01
.3773833531E+01
.3774764118E+01
.3775688920E+01
.3776607167E+01
.3777518851E+01
.3778424347E+01
.3779324138E+01
.3780218664E+01
.3781108187E+01
.3781992723E+01
.3782871880E+01
.3783744850E+01
.3784610393E+01
.3785466899E+01
.3786312394E+01
.3787144509E+01
.3787960449E+01
.3788757113E+01
.3789531382E+01
.3790280660E+01
.3791003247E+01
.3791698463E+01
.3792366569E+01
.3793008339E+01
.3793624797E+01
.3794217070E+01
.3794786415E+01
.3795334297E+01
.3795862375E+01
.3796372488E+01
.3796866569E+01
.3797346562E+01
.3797814431E+01
.3798272241E+01
.3798722083E+01
.3799166200E+01
.3799606924E+01
.3800046797E+01
.3800488318E+01
.3800933918E+01
.3801385821E+01
.3801846096E+01
.3802316865E+01
.3802800300E+01
.3803298837E+01
.3803815219E+01
.3804352282E+01
.3804912523E+01
.3805497795E+01
.3806108919E+01
.3806745814E+01
.3807407822E+01
.3808094131E+01
.3808804249E+01
.3809538194E+01
.3810296575E+01
.3811080542E+01
.3811891669E+01
.3812731585E+01
.3813601805E+01
.3814503255E+01
.3815436035E+01
.3816399400E+01
.3817392014E+01
.3818412230E+01
.3819458257E+01
.3820528090E+01
.3821619270E+01
.3822728558E+01
.3823851661E+01
.3824983125E+01
.3826116658E+01
.3827245389E+01
.3828362563E+01
.3829461985E+01
.3830538398E+01
.3831587720E+01
.3832607202E+01
.3833595438E+01
.3834552331E+01
.3835479172E+01
.3836378453E+01
.3837253716E+01
.3838109274E+01
.3838949794E+01
.3839779925E+01
.3840603885E+01
.3841425169E+01
.3842246348E+01
.3843069024E+01
.3843894031E+01
.3844721696E+01
.3845552281E+01
.3846385901E+01
.3847222283E+01
.3848060234E+01
.3848897376E+01
.3849730094E+01
.3850553879E+01
.3851363765E+01
.3852154797E+01
.3852922397E+01
.3853662512E+01
.3854371885E+01
.3855048263E+01
.3855690619E+01
.3856299266E+01
.3856875957E+01
.3857424103E+01
.3857948864E+01
.3858457321E+01
.3858958306E+01
.3859461991E+01
.3859979129E+01
.3860520215E+01
.3861094553E+01
.3861709737E+01
.3862371493E+01
.3863083903E+01
.3863849771E+01
.3864671045E+01
.3865549214E+01
.3866485656E+01
.3867482013E+01
.3868540166E+01
.3869661994E+01
.3870849057E+01
.3872102255E+01
.3873421389E+01
.3874805106E+01
.3876250750E+01
.3877754431E+01
.3879311212E+01
.3880915549E+01
.3882561581E+01
.3884243625E+01
.3885956587E+01
.3887696166E+01
.3889459090E+01
.3891243210E+01
.3893047588E+01
.3894872394E+01
.3896718654E+01
.3898587881E+01
.3900481471E+01
.3902400210E+01
.3904343879E+01
.3906310977E+01
.3908298699E+01
.3910302995E+01
.3912318739E+01
.3914339854E+01
.3916359430E+01
.3918369913E+01
.3920363289E+01
.3922331174E+01
.3924264836E+01
.3926155199E+01
.3927992801E+01
.3929768169E+01
.3931472514E+01
.3933098385E+01
.3934640443E+01
.3936096107E+01
.3937465678E+01
.3938752003E+01
.3939959941E+01
.3941095601E+01
.3942165676E+01
.3943177045E+01
.3944136595E+01
.3945051130E+01
.3945927345E+01
.3946771704E+01
.3947590591E+01
.3948390175E+01
.3949176668E+01
.3949956491E+01
.3950736397E+01
.3951523673E+01
.3952326047E+01
.3953151394E+01
.3954007373E+01
.3954900908E+01
.3955837824E+01
.3956822812E+01
.3957859638E+01
.3958951281E+01
.3960100095E+01
.3961307746E+01
.3962575012E+01
.3963901727E+01
.3965286800E+01
.3966728135E+01
.3968222674E+01
.3969766261E+01
.3971353363E+01
.3972976980E+01
.3974628648E+01
.3976298738E+01
.3977977125E+01
.3979653833E+01
.3981319753E+01
.3982967107E+01
.3984589566E+01
.3986182155E+01
.3987740596E+01
.3989260609E+01
.3990737239E+01
.3992164331E+01
.3993534435E+01
.3994839192E+01
.3996069730E+01
.3997217262E+01
.3998273757E+01
.3999232347E+01
.4000087629E+01
.4000836000E+01
.4001475710E+01
.4002007173E+01
.4002433206E+01
.4002759330E+01
.4002993735E+01
.4003147070E+01
.4003231880E+01
.4003261634E+01
.4003249692E+01
.4003208419E+01
.4003148932E+01
.4003081290E+01
.4003015136E+01
.4002960382E+01
.4002927860E+01
.4002929511E+01
.4002978269E+01
.4003087489E+01
.4003269934E+01
.4003536750E+01
.4003896215E+01
.4004352662E+01
.4004905997E+01
.4005551810E+01
.4006282046E+01
.4007086350E+01
.4007953582E+01
.4008873349E+01
.4009837114E+01
.4010838831E+01
.4011875059E+01
.4012944573E+01
.4014047817E+01
.4015186292E+01
.4016361912E+01
.4017576415E+01
.4018831009E+01
.4020126299E+01
.4021462285E+01
.4022838527E+01
.4024254141E+01
.4025707723E+01
.4027197339E+01
.4028720597E+01
.4030274797E+01
.4031857164E+01
.4033464973E+01
.4035095612E+01
.4036746636E+01
.4038415599E+01
.4040100192E+01
.4041797959E+01
.4043506202E+01
.4045221672E+01
.4046940005E+01
.4048655269E+01
.4050359511E+01
.4052042854E+01
.4053693979E+01
.4055300812E+01
.4056851542E+01
.4058335696E+01
.4059745005E+01
.4061074158E+01
.4062321209E+01
.4063487390E+01
.4064576598E+01
.4065594554E+01
.4066548077E+01
.4067444440E+01
.4068291020E+01
.4069095357E+01
.4069865159E+01
.4070608418E+01
.4071333425E+01
.4072048673E+01
.4072762661E+01
.4073483576E+01
.4074219112E+01
.4074976156E+01
.4075760643E+01
.4076577320E+01
.4077429582E+01
.4078319259E+01
.4079246466E+01
.4080209587E+01
.4081205369E+01
.4082229331E+01
.4083276358E+01
.4084341273E+01
.4085419132E+01
.4086505316E+01
.4087595626E+01
.4088686410E+01
.4089774931E+01
.4090859555E+01
.4091939760E+01
.4093015888E+01
.4094088729E+01
.4095159143E+01
.4096227563E+01
.4097293744E+01
.4098356729E+01
.4099414819E+01
.4100465879E+01
.4101507478E+01
.4102537131E+01
.4103552347E+01
.4104550553E+01
.4105528950E+01
.4106484349E+01
.4107413162E+01
.4108311490E+01
.4109175442E+01
.4110001516E+01
.4110787195E+01
.4111531423E+01
.4112234860E+01
.4112899967E+01
.4113530797E+01
.4114132560E+01
.4114710995E+01
.4115271631E+01
.4115819028E+01
.4116356415E+01
.4116885378E+01
.4117406252E+01
.4117918702E+01
.4118422688E+01
.4118919377E+01
.4119411825E+01
.4119905098E+01
.4120405902E+01
.4120921890E+01
.4121460666E+01
.4122028951E+01
.4122631946E+01
.4123273122E+01
.4123954396E+01
.4124676556E+01
.4125440015E+01
.4126245409E+01
.4127093787E+01
.4127986522E+01
.4128924852E+01
.4129909361E+01
.4130939479E+01
.4132012957E+01
.4133125815E+01
.4134272491E+01
.4135446078E+01
.4136638852E+01
.4137842719E+01
.4139049976E+01
.4140254234E+01
.4141451376E+01
.4142639966E+01
.4143820676E+01
.4144995138E+01
.4146164725E+01
.4147329823E+01
.4148489896E+01
.4149644076E+01
.4150791851E+01
.4151933528E+01
.4153070006E+01
.4154202062E+01
.4155329656E+01
.4156451200E+01
.4157563377E+01
.4158661342E+01
.4159739187E+01
.4160790703E+01
.4161810333E+01
.4162793864E+01
.4163738948E+01
.4164644994E+01
.4165512770E+01
.4166343739E+01
.4167139401E+01
.4167900715E+01
.4168627745E+01
.4169319548E+01
.4169974135E+01
.4170588841E+01
.4171160856E+01
.4171687756E+01
.4172167815E+01
.4172600097E+01
.4172984597E+01
.4173322129E+01
.4173614400E+01
.4173864026E+01
.4174074494E+01
.4174250269E+01
.4174396665E+01
.4174519720E+01
.4174625921E+01
.4174721797E+01
.4174813426E+01
.4174906154E+01
.4175004433E+01
.4175112087E+01
.4175232559E+01
.4175369029E+01
.4175524017E+01
.4175698750E+01
.4175892289E+01
.4176100958E+01
.4176318185E+01
.4176534809E+01
.4176739747E+01
.4176921217E+01
.4177068057E+01
.4177171173E+01
.4177224790E+01
.4177227065E+01
.4177179837E+01
.4177087662E+01
.4176956514E+01
.4176792584E+01
.4176601568E+01
.4176388349E+01
.4176156565E+01
.4175908369E+01
.4175644148E+01
.4175362701E+01
.4175061696E+01
.4174738107E+01
.4174388764E+01
.4174010947E+01
.4173602965E+01
.4173164834E+01
