     1336.46289
     1330.75236
     1326.89179
     1325.03609
     1325.08602
     1326.75151
     1329.63374
     1333.31851
     1337.43330
     1341.69703
     1345.97495
     1350.24714
     1354.53331
     1358.80158
     1362.92382
     1366.67379
     1369.79614
     1372.05299
     1373.25411
     1373.25892
     1371.97971
     1369.41568
     1365.72157
     1361.26117
     1356.65827
     1352.69276
     1350.11069
     1349.38029
     1350.55799
     1353.30940
     1357.11412
     1361.54232
     1366.43206
     1371.88263
     1378.09454
     1385.19363
     1393.12449
     1401.64862
     1410.37424
     1418.76654
     1426.23745
     1432.15971
     1436.00129
     1437.43196
     1436.49328
     1433.62971
     1429.59385
     1425.22164
     1421.18859
     1417.87335
     1415.35386
     1413.43833
     1411.81908
     1410.20777
     1408.46197
     1406.61393
     1404.75334
     1402.91997
     1401.13316
     1399.55631
     1398.60140
     1398.77597
     1400.35446
     1403.18018
     1406.79592
     1410.77767
     1414.92612
     1419.27138
     1423.91751
     1428.88726
     1434.00611
     1438.89097
     1443.00643
     1445.72347
     1446.42666
     1444.62542
     1440.08564
     1432.90733
     1423.58178
     1412.94304
     1402.04449
     1391.92957
     1383.33299
     1376.58920
     1371.78850
     1368.98093
     1368.21992
     1369.54453
     1372.89877
     1377.97956
     1384.12715
     1390.36923
     1395.76334
     1399.67549
     1401.91492
     1402.66103
     1402.30618
     1401.27537
     1399.92700
     1398.50006
     1397.15283
     1395.99489
     1395.07657
     1394.38242
     1393.82017
     1393.25090
     1392.46327
     1391.24679
     1389.45750
     1387.15310
     1384.56526
     1381.99625
     1379.69794
     1377.81673
     1376.42235
     1375.57438
     1375.33345
     1375.77257
     1376.90261
     1378.63997
     1380.76190
     1382.96538
     1384.98150
     1386.67588
     1388.07857
     1389.29782
     1390.41381
     1391.41629
     1392.21227
     1392.70792
     1392.89508
     1392.94579
     1393.20070
     1394.03869
     1395.67332
     1398.02657
     1400.68717
     1403.04022
     1404.47846
     1404.62870
     1403.47769
     1401.32061
     1398.58860
     1395.74115
     1393.22557
     1391.49842
     1390.95661
     1391.80399
     1393.97818
     1397.14703
     1400.83627
     1404.56668
     1407.95789
     1410.70229
     1412.49803
     1413.04670
     1412.13015
     1409.68660
     1405.86768
     1401.00490
     1395.60174
     1390.27249
     1385.63214
     1382.14897
     1379.99023
     1379.00014
     1378.78320
     1378.89417
     1379.01052
     1378.97470
     1378.78382
     1378.51860
     1378.25298
     1378.03158
     1377.86238
     1377.77900
     1377.82489
     1377.90750
     1377.69256
     1376.64493
     1374.25408
     1370.28779
     1364.91492
     1358.63483
     1352.10095
     1345.90143
     1340.48359
     1336.14325
     1333.09732
     1331.47317
     1331.27904
     1332.39303
     1334.61925
     1337.74668
     1341.63147
     1346.20793
     1351.54363
     1357.79591
     1365.04272
     1373.02168
     1381.00400
     1387.97504
     1393.05331
     1395.85443
     1396.62205
     1396.11289
     1395.25612
     1394.81889
     1395.17479
     1396.24598
     1397.67918
     1399.05366
     1399.96026
     1400.00704
     1398.83296
     1396.17665
     1392.03971
     1386.79835
     1381.14807
     1375.86264
     1371.44865
     1367.94906
     1365.05427
     1362.40437
     1359.82086
     1357.35269
     1355.18809
     1353.58562
     1352.83929
     1353.27402
     1355.10012
     1358.21417
     1362.12264
     1366.12985
     1369.64910
     1372.37073
     1374.27425
     1375.56823
     1376.55480
     1377.56093
     1378.87006
     1380.74544
     1383.46991
     1387.41028
     1392.94278
     1400.29089
     1409.36495
     1419.70661
     1430.56184
     1441.02508
     1450.17357
     1457.15171
     1461.21026
     1461.77087
     1458.47917
     1451.31753
     1440.67892
     1427.41031
     1412.73777
     1398.11691
     1384.99117
     1374.53748
     1367.50391
     1364.14618
     1364.24032
     1367.19411
     1372.16494
     1378.24344
     1384.61814
     1390.64134
     1395.85488
     1399.94918
     1402.74384
     1404.18823
     1404.40314
     1403.66172
     1402.42220
     1401.28720
     1400.94330
     1401.96890
     1404.66064
     1408.88829
     1414.11332
     1419.59148
     1424.62191
     1428.73863
     1431.71462
     1433.55512
     1434.37929
     1434.38922
     1433.85271
     1433.07727
     1432.26975
     1431.42266
     1430.29065
     1428.51952
     1425.82571
     1422.12484
     1417.53497
     1412.26078
     1406.49531
     1400.37846
     1394.05959
     1387.78082
     1381.88493
     1376.73886
     1372.60635
     1369.55825
     1367.46527
     1366.06217
     1364.99145
     1363.98723
     1362.98610
     1362.15793
     1361.79230
     1362.11881
     1363.25213
     1365.17745
     1367.81615
     1371.01006
     1374.50676
     1378.01977
     1381.31265
     1384.30426
     1387.11008
     1389.98484
     1393.16072
     1396.79806
     1400.95809
     1405.67229
     1410.93597
     1416.70144
     1422.85846
     1429.23083
     1435.65013
     1442.01862
     1448.27688
     1454.29564
     1459.74760
     1464.15376
     1467.03038
     1468.09663
     1467.43258
     1465.43830
     1462.63565
     1459.39103
     1455.73243
     1451.34261
     1445.75484
     1438.55714
     1429.61025
     1419.22379
     1408.13181
     1397.36348
     1388.04125
     1381.23685
     1377.81697
     1378.27846
     1382.61941
     1390.31824
     1400.47195
     1412.01512
     1423.90475
     1435.27591
     1445.52978
     1454.33977
     1461.58196
     1467.27604
     1471.50969
     1474.37107
     1475.88551
     1475.96618
     1474.42629
     1471.05062
     1465.72669
     1458.53966
     1449.81861
     1440.13539
     1430.18325
     1420.62471
     1411.98432
     1404.66140
     1398.95154
     1395.07935
     1393.10369
     1392.82838
     1393.77522
     1395.30825
     1396.80194
     1397.81277
     1398.15440
     1397.91502
     1397.38269
     1396.86838
     1396.49970
     1396.13470
     1395.45783
     1394.18047
     1392.19172
     1389.59143
     1386.59631
     1383.37864
     1379.98360
     1376.33865
     1372.38761
     1368.17960
     1363.88111
     1359.69226
     1355.77666
     1352.19754
     1348.97647
     1346.23676
     1344.30676
     1343.70713
     1344.95596
     1348.33384
     1353.74796
     1360.77187
     1368.78714
     1377.15455
     1385.27480
     1392.55875
     1398.44406
     1402.45375
     1404.34928
     1404.22271
     1402.50478
     1399.85446
     1396.92415
     1394.15713
     1391.73676
     1389.60160
     1387.56982
     1385.46184
     1383.23882
     1381.01034
     1379.02684
     1377.61588
     1377.05316
     1377.42575
     1378.50700
     1379.79607
     1380.67606
     1380.65186
     1379.56320
     1377.66068
     1375.55956
     1373.99449
     1373.57893
     1374.61245
     1376.99832
     1380.31493
     1383.96629
     1387.40280
     1390.28804
     1392.56566
     1394.40071
     1396.04245
     1397.67025
     1399.31042
     1400.82341
     1401.97810
     1402.56132
     1402.47412
     1401.74823
     1400.54318
     1399.14941
     1397.99417
     1397.63429
     1398.61955
     1401.24532
     1405.36016
     1410.31582
     1415.17875
     1419.09062
     1421.58799
     1422.74667
     1423.06850
     1423.19797
     1423.64449
     1424.62037
     1426.01185
     1427.49148
     1428.75513
     1429.71828
     1430.44493
     1430.87633
     1430.69213
     1429.52652
     1427.21251
     1423.72264
     1418.98265
     1412.80765
     1405.03368
     1395.73084
     1385.32031
     1374.58009
     1364.46846
     1355.94328
     1349.77697
     1346.43530
     1346.04167
     1348.40478
     1353.09619
     1359.58669
     1367.38021
     1376.10187
     1385.51326
     1395.43079
     1405.58041
     1415.43811
     1424.22818
     1431.10494
     1435.42262
     1436.97040
     1436.02501
     1433.23028
     1429.41143
     1425.34885
     1421.59942
     1418.33113
     1415.35775
     1412.33216
     1408.96056
     1405.15697
     1401.05315
     1396.92338
     1393.11772
     1389.98227
     1387.85036
     1387.02729
     1387.69693
     1389.76280
     1392.74232
     1395.89265
     1398.49328
     1400.10498
     1400.66259
     1400.35953
     1399.43409
     1397.88712
     1395.48735
     1392.16299
     1388.28232
     1384.64127
     1382.05803
     1380.92679
     1381.03520
     1381.83700
     1382.80385
     1383.59111
     1384.04372
     1384.21153
     1384.31820
     1384.69967
     1385.68802
     1387.48570
     1390.10884
     1393.32256
     1396.69591
     1399.67255
     1401.71352
     1402.44405
     1401.73762
     1399.70719
     1396.67491
     1393.06367
     1389.33501
     1385.95429
     1383.41472
     1382.26111
     1383.06414
     1386.35040
     1392.38317
     1400.94438
     1411.24104
     1422.07062
     1432.19799
     1440.77932
     1447.52367
     1452.61561
     1456.43203
     1459.31651
     1461.46025
     1462.85410
     1463.28941
     1462.43983
     1460.02608
     1455.99488
     1450.64582
     1444.63456
     1438.80372
     1433.91283
     1430.32563
     1427.96276
     1426.57592
     1426.11533
     1426.68576
     1428.26818
     1430.49443
     1432.67934
     1434.04773
     1433.97181
     1432.13411
     1428.52796
     1423.38248
     1416.99472
     1409.61868
     1401.47427
     1392.85532
     1384.30438
     1376.65445
     1370.83507
     1367.51203
     1366.89111
     1368.81800
     1373.01126
     1379.22829
     1387.23799
     1396.67465
     1406.92095
     1417.08666
     1426.11554
     1432.97042
     1436.85817
     1437.39213
     1434.66508
     1429.23797
     1422.07090
     1414.32609
     1407.10051
     1401.05402
     1396.26007
     1392.34934
     1388.89915
     1385.75683
     1383.13899
     1381.51489
     1381.38159
     1383.00455
     1386.24824
     1390.57767
     1395.26235
     1399.65384
     1403.39702
     1406.45965
     1409.00303
     1411.20692
     1413.16236
     1414.86692
     1416.32767
     1417.59737
     1418.74962
     1419.73989
     1420.36659
     1420.33468
     1419.40267
     1417.51998
     1414.79621
     1411.39362
     1407.43270
     1402.98958
     1398.18750
     1393.26588
     1388.56241
     1384.42149
     1381.06711
     1378.53799
     1376.70833
     1375.35560
     1374.32423
     1373.59955
     1373.28626
     1373.52110
     1374.36624
     1375.75820
     1377.54064
     1379.50203
     1381.40538
     1383.04085
     1384.23606
     1384.86878
     1384.84195
     1384.07280
     1382.50903
     1380.23625
     1377.49787
     1374.65809
     1372.11162
     1370.16303
     1368.98044
     1368.62132
     1369.10848
     1370.46620
     1372.71197
     1375.79814
     1379.55594
     1383.72354
     1387.99459
     1392.07228
     1395.75287
     1398.91896
     1401.56707
     1403.73929
     1405.47796
     1406.81653
     1407.77346
     1408.36863
     1408.58905
     1408.40581
     1407.80512
     1406.87115
     1405.85683
     1405.20262
     1405.43291
     1406.98723
     1410.05870
     1414.50012
     1419.83379
     1425.40014
     1430.50795
     1434.57717
     1437.24088
     1438.41983
     1438.34456
     1437.55045
     1436.78534
     1436.86618
     1438.41218
     1441.56922
     1445.84332
     1450.23360
     1453.52378
     1454.66224
     1453.05577
     1448.66097
     1441.90656
     1433.48148
     1424.06408
     1414.17269
     1404.14859
     1394.30737
     1385.00233
     1376.67651
     1369.78223
     1364.66468
     1361.51922
     1360.39801
     1361.22169
     1363.82211
     1367.99025
     1373.50346
     1380.11416
     1387.46728
     1395.04160
     1402.23375
     1408.49301
     1413.38526
     1416.60457
     1418.03895
     1417.85024
     1416.46303
     1414.47761
     1412.49425
     1410.97860
     1410.22451
     1410.31990
     1411.18498
     1412.62290
     1414.38598
     1416.29422
     1418.27918
     1420.32679
     1422.36571
     1424.12673
     1425.20890
     1425.28359
     1424.32693
     1422.66656
     1420.84792
     1419.41922
     1418.76146
     1419.00397
     1420.03450
     1421.58582
     1423.40204
     1425.34142
     1427.35412
     1429.40907
     1431.41748
     1433.26437
     1434.87418
     1436.23726
     1437.41907
     1438.55747
     1439.82030
     1441.32349
     1443.11381
     1445.10892
     1447.11608
     1448.82999
     1449.92324
     1450.15996
     1449.44979
     1447.86784
     1445.65661
     1443.17303
     1440.81097
     1438.81742
     1437.19994
     1435.72467
     1434.12732
     1432.32022
     1430.51070
     1429.08380
     1428.43704
     1428.78024
     1430.05105
     1431.89773
     1433.80906
     1435.28987
     1436.03139
     1436.00828
     1435.40125
     1434.44816
     1433.25294
     1431.73934
     1429.67844
     1426.75030
     1422.69837
     1417.45461
     1411.18658
     1404.25374
     1397.09363
     1390.17696
     1384.05218
     1379.41184
     1377.00471
     1377.36977
     1380.50412
     1385.72723
     1391.94507
     1398.05924
     1403.30313
     1407.29171
     1409.93062
     1411.37012
     1411.93440
     1412.07323
     1412.22423
     1412.70125
     1413.63488
     1414.95249
     1416.45167
     1417.87290
     1419.00305
     1419.73873
     1420.04524
     1419.87863
     1419.12286
     1417.62148
     1415.30339
     1412.28598
     1408.95262
     1405.84671
     1403.46756
     1402.10569
     1401.75844
     1402.21361
     1403.20806
     1404.56691
     1406.26819
     1408.36422
     1410.84423
     1413.51019
     1415.92575
     1417.50716
     1417.75314
     1416.51094
     1414.17502
     1411.70372
     1410.34921
     1411.16733
     1414.54876
     1420.08448
     1426.78060
     1433.42584
     1438.93533
     1442.59093
     1444.12999
     1443.76842
     1442.06967
     1439.77239
     1437.53947
     1435.70571
     1434.14958
     1432.32762
     1429.48726
     1424.94586
     1418.31656
     1409.64798
     1399.44535
     1388.61270
     1378.26454
     1369.52835
     1363.34199
     1360.32947
     1360.68005
     1364.13253
     1370.07152
     1377.69470
     1386.17212
     1394.74645
     1402.68968
     1409.29872
     1413.88771
     1415.90893
     1415.11827
     1411.70350
     1406.30191
     1399.84026
     1393.35854
     1387.73413
     1383.56422
     1381.04735
     1380.03961
     1380.17848
     1381.05128
     1382.30993
     1383.75105
     1385.33116
     1387.19476
     1389.57358
     1392.69800
     1396.65207
     1401.27132
     1406.15961
     1410.78391
     1414.57902
     1417.05710
     1417.94314
     1417.24955
     1415.30293
     1412.65901
     1409.96282
     1407.75630
     1406.30661
     1405.53738
     1405.06631
     1404.35417
     1402.93923
     1400.59363
     1397.39328
     1393.72541
     1390.16658
     1387.36035
     1385.79622
     1385.62375
     1386.56827
     1388.01129
     1389.19880
     1389.53073
     1388.72664
     1386.85230
     1384.20906
     1381.16718
     1378.05554
     1375.14401
     1372.68126
     1370.89716
     1369.99183
     1370.07289
     1371.07702
     1372.82453
     1375.13591
     1377.92932
     1381.19626
     1384.87973
     1388.70452
     1392.13992
     1394.49692
     1395.11657
     1393.53016
     1389.62172
     1383.72832
     1376.62436
     1369.36129
     1363.02373
     1358.51224
     1356.38655
     1356.80911
     1359.60308
     1364.35490
     1370.61503
     1377.98607
     1386.17851
     1394.97721
     1404.20075
     1413.64442
     1423.04488
     1432.02460
     1440.13066
     1446.81704
     1451.50407
     1453.63117
     1452.78882
     1448.88960
     1442.28866
     1433.75988
     1424.33837
     1415.02844
     1406.65012
     1399.81843
     1394.92888
     1392.12586
     1391.28757
     1392.08068
     1394.00094
     1396.43028
     1398.75743
     1400.53078
     1401.56632
     1401.90509
     1401.70647
     1401.15764
     1400.46121
     1399.84476
     1399.55858
     1399.87865
     1400.98105
     1402.84172
     1405.18689
     1407.53048
     1409.31964
     1410.06370
     1409.48458
     1407.59956
     1404.69755
     1401.21262
     1397.54165
     1393.95668
     1390.61056
     1387.61007
     1385.05974
     1383.03798
     1381.54589
     1380.53099
     1379.96693
     1379.90205
     1380.44467
     1381.64346
     1383.40447
     1385.50808
     1387.73577
     1390.03404
     1392.66628
     1396.15889
     1401.04157
     1407.46782
     1415.04355
     1422.91546
     1430.08264
     1435.65263
     1439.03375
     1440.02688
     1438.83607
     1435.95188
     1431.97762
     1427.50412
     1423.00740
     1418.83659
     1415.23380
     1412.28778
     1409.91345
     1407.84234
     1405.70999
     1403.18307
     1400.06680
     1396.37689
     1392.33673
     1388.33434
     1384.80707
     1382.14038
     1380.57593
     1380.17181
     1380.77258
     1382.01745
     1383.40482
     1384.36297
     1384.38301
     1383.09406
     1380.36313
     1376.29445
     1371.17434
     1365.40322
     1359.43777
     1353.79081
     1349.10033
     1346.14512
     1345.74413
     1348.48897
     1354.42766
     1362.99121
     1373.22776
     1384.14817
     1394.94840
     1404.99873
     1413.76311
     1420.73245
     1425.47966
     1427.79125
     1427.73670
     1425.62990
     1421.86825
     1416.85754
     1411.02680
     1404.92268
     1399.22256
     1394.62024
     1391.65459
     1390.56436
     1391.20593
     1393.14396
     1395.79659
     1398.58985
     1401.05576
     1402.82591
     1403.63038
     1403.31740
     1401.97813
     1399.99658
     1398.00620
     1396.69278
     1396.54870
     1397.68750
     1399.80447
     1402.32412
     1404.69460
     1406.65982
     1408.31755
     1409.83326
     1411.09241
     1411.63928
     1411.00088
     1408.97303
     1405.65896
     1401.33628
     1396.32866
     1390.88001
     1385.19944
     1379.52864
     1374.21330
     1369.72480
     1366.59008
     1365.26476
     1365.97636
     1368.64080
     1372.84621
     1377.91340
     1383.07310
     1387.64436
     1391.18189
     1393.55944
     1394.87744
     1395.30395
     1394.92419
     1393.70171
     1391.52666
     1388.28826
     1383.96020
     1378.68600
     1372.88578
     1367.26784
     1362.68224
     1359.85794
     1359.13057
     1360.43623
     1363.51153
     1368.13300
     1374.18919
     1381.62209
     1390.25216
     1399.66197
     1409.18418
     1418.03119
     1425.47283
     1431.01020
     1434.48038
     1436.02095
     1435.93824
     1434.52687
     1431.99567
     1428.54434
     1424.53635
     1420.58784
     1417.37874
     1415.32515
     1414.41180
     1414.28577
     1414.41785
     1414.26667
     1413.40606
     1411.62568
     1408.93744
     1405.45355
     1401.28064
     1396.43854
     1390.88364
     1384.61132
     1377.77590
     1370.74597
     1364.09529
     1358.50266
     1354.64517
     1353.09898
     1354.18098
     1357.88191
     1363.82014
     1371.33942
     1379.67108
     1388.08208
     1395.99038
     1402.99449
     1408.82719
     1413.27667
     1416.14573
     1417.21719
     1416.31863
     1413.37166
     1408.45629
     1401.86660
     1394.15184
     1386.12171
     1378.75454
     1372.95256
     1369.17050
     1367.20230
     1366.39556
     1366.00962
     1365.48774
     1364.60228
     1363.50343
     1362.67426
     1362.75147
     1364.22105
     1367.12952
     1371.02041
     1375.12324
     1378.66493
     1381.14951
     1382.44664
     1382.74285
     1382.45484
     1382.05872
     1381.91612
     1382.17281
     1382.73803
     1383.37251
     1383.85669
     1384.05367
     1383.96212
     1383.67853
     1383.38550
     1383.35540
     1383.88910
     1385.27703
     1387.72716
     1391.27476
     1395.72414
     1400.69026
     1405.70386
     1410.38271
     1414.53606
     1418.18889
     1421.57053
     1425.02528
     1428.85965
     1433.18236
     1437.81122
     1442.33161
     1446.26325
     1449.25160
     1451.16229
     1452.09076
     1452.25665
     1451.88172
     1451.13844
     1450.12037
     1448.82207
     1447.12599
     1444.76742
     1441.45558
     1437.03058
     1431.60219
     1425.54828
     1419.39796
     1413.71356
     1409.05979
     1405.98789
     1404.98368
     1406.26854
     1409.53518
     1413.87416
     1418.03624
     1420.85845
     1421.59539
     1420.03277
     1416.39383
     1411.19668
     1405.11069
     1398.88323
     1393.25130
     1388.75562
     1385.58780
     1383.58274
     1382.39230
     1381.73866
     1381.53064
     1381.82150
     1382.73024
     1384.35058
     1386.70538
     1389.72359
     1393.23489
     1396.96101
     1400.56560
     1403.72384
     1406.24847
     1408.12527
     1409.41453
     1410.03466
     1409.68333
     1407.97207
     1404.64492
     1399.73570
     1393.58148
     1386.77082
     1380.04295
     1374.15875
     1369.72705
     1367.11091
     1366.42176
     1367.63550
     1370.68133
     1375.46365
     1381.80204
     1389.34223
     1397.53783
     1405.68922
     1413.04748
     1418.98327
     1423.09751
     1425.29955
     1425.76555
     1424.81442
     1422.73638
     1419.72361
     1415.92668
     1411.52389
     1406.74277
     1401.85326
     1397.16975
     1393.07969
     1390.03348
     1388.46188
     1388.64409
     1390.49337
     1393.51583
     1396.94007
     1399.95508
     1401.89888
     1402.38042
     1401.29872
     1398.86095
     1395.57274
     1392.13449
     1389.25380
     1387.39882
     1386.67404
     1386.84763
     1387.58635
     1388.65188
     1389.97738
     1391.59820
     1393.53613
     1395.72802
     1398.04090
     1400.29868
     1402.32276
     1403.97108
     1405.18020
     1405.93749
     1406.29055
     1406.34741
     1406.28738
     1406.37824
     1406.89496
     1407.95009
     1409.39788
     1410.82411
     1411.68829
     1411.52767
     1410.05819
     1407.21690
     1403.12037
     1398.03211
     1392.39034
     1386.81740
     1382.01310
     1378.56331
     1376.75227
     1376.44942
     1377.19611
     1378.37501
     1379.44069
     1380.11205
     1380.43475
     1380.72988
     1381.42982
     1382.84276
     1385.01826
     1387.69577
     1390.40112
     1392.60705
     1393.89252
     1394.07528
     1393.26473
     1391.84606
     1390.35789
     1389.33278
     1389.16084
     1390.07554
     1392.16965
     1395.34919
     1399.30264
     1403.51480
     1407.42978
     1410.63656
     1412.94217
     1414.38107
     1415.16991
     1415.61734
     1416.03282
     1416.59891
     1417.28659
     1417.85321
     1417.91242
     1417.09770
     1415.24829
     1412.48533
     1409.12210
     1405.54445
     1402.11559
     1399.21638
     1397.25121
     1396.63815
     1397.70469
     1400.54735
     1404.96300
     1410.46172
     1416.35461
     1421.92640
     1426.57290
     1429.87336
     1431.63185
     1431.87307
     1430.84227
     1428.94564
     1426.68121
     1424.57412
     1423.13929
     1422.83077
     1423.83821
     1425.81592
     1427.83950
     1428.78182
     1427.76783
     1424.46859
     1419.09995
     1412.31612
     1405.07884
     1398.46838
     1393.45846
     1390.67797
     1390.25119
     1391.75015
     1394.33051
     1397.02203
     1399.01314
     1399.88712
     1399.71780
     1399.00780
     1398.45383
     1398.72115
     1400.27415
     1403.32113
     1407.82834
     1413.48732
     1419.71608
     1425.69216
     1430.44017
     1433.00206
     1432.66022
     1429.18311
     1422.93879
     1414.79997
     1405.84681
     1396.98748
     1388.81393
     1381.65445
     1375.76375
     1371.46666
     1369.19474
     1369.39524
     1372.42740
     1378.45267
     1387.35861
     1398.68610
     1411.60729
     1424.98126
     1437.49777
     1447.84811
     1454.93917
     1458.10280
     1457.21912
     1452.75707
     1445.65642
     1437.12985
     1428.44509
     1420.74373
     1414.86424
     1411.18135
     1409.54765
     1409.32952
     1409.62525
     1409.56332
     1408.57588
     1406.51528
     1403.65749
     1400.55061
     1397.83481
     1395.96944
     1395.04404
     1394.78289
     1394.70879
     1394.42382
     1393.74779
     1392.79648
     1391.93331
     1391.62984
     1392.23915
     1393.77298
     1395.78898
     1397.55331
     1398.33495
     1397.68865
     1395.63198
     1392.63335
     1389.49029
     1387.07277
     1386.06924
     1386.87757
     1389.62065
     1394.24501
     1400.50035
     1407.86218
     1415.50474
     1422.42320
     1427.63394
     1430.37800
     1430.23237
     1427.16933
     1421.51660
     1413.89090
     1405.07216
     1395.83745
     1386.82445
     1378.42025
     1370.71273
     1363.56460
     1356.67207
     1349.68402
     1342.30879
     1334.43140
     1326.21582
     1318.14895
     1310.96188
     1305.46238
     1302.36352
     1302.15570
     1305.03972
     1310.89757
     1319.32107
     1329.66317
     1341.12555
     1352.81344
     1363.80038
     1373.22505
     1380.40504
     1384.95001
     1386.78618
     1386.18144
     1383.75923
     1380.48617
     1377.59384
     1376.26233
     1377.13026
     1380.06245
     1384.35075
     1389.18962
     1394.01448
     1398.55240
     1402.71255
     1406.44802
     1409.71255
     1412.47372
     1414.79372
     1416.86722
     1418.97195
     1421.38444
     1424.18547
     1427.14098
     1429.69322
     1431.08193
     1430.53685
     1427.51305
     1421.81044
     1413.66158
     1403.67984
     1392.78096
     1382.04340
     1372.55038
     1365.18420
     1360.46824
     1358.45575
     1358.78944
     1360.85809
     1363.97811
     1367.55336
     1371.16468
     1374.55450
     1377.66042
     1380.60406
     1383.72711
     1387.52169
     1392.49792
     1398.90402
     1406.49093
     1414.47752
     1421.74323
     1427.19451
     1430.06575
     1430.10601
     1427.62519
     1423.41504
     1418.56387
     1414.19451
     1411.18097
     1409.99131
     1410.68606
     1413.02863
     1416.63269
     1421.03892
     1425.75392
     1430.26463
     1434.07754
     1436.81041
     1438.24630
     1438.35863
     1437.16965
     1434.62282
     1430.55425
     1424.80073
     1417.39550
     1408.72235
     1399.55919
     1390.88048
     1383.58405
     1378.25864
     1375.10033
     1373.96965
     1374.50620
     1376.25746
     1378.78349
     1381.73017
     1384.85293
     1387.99656
     1391.04543
     1393.84443
     1396.19413
     1397.91232
     1398.94375
     1399.47080
     1399.88906
     1400.67992
     1402.21033
     1404.62902
     1407.84390
     1411.58028
     1415.45477
     1419.08743
     1422.16679
     1424.50089
     1425.98236
     1426.49477
     1425.86626
     1423.91093
     1420.52254
     1415.72501
     1409.74454
     1402.97008
     1395.91221
     1389.11462
     1383.06747
     1378.15425
     1374.64410
     1372.69742
     1372.36036
     1373.55789
     1376.13760
     1379.91472
     1384.61568
     1389.86539
     1395.14567
     1399.87807
     1403.53178
     1405.74743
     1406.41211
     1405.64145
     1403.69466
     1400.87375
     1397.49430
     1393.94168
     1390.69899
     1388.30008
     1387.12430
     1387.24035
     1388.30049
     1389.69916
     1390.78880
     1391.08285
     1390.49798
     1389.35579
     1388.27408
     1387.93119
     1388.80955
     1391.06364
     1394.57638
     1399.05055
     1404.09732
     1409.21984
     1413.83333
     1417.35963
     1419.42838
     1420.03174
     1419.55164
     1418.61560
     1417.83659
     1417.55887
     1417.68825
     1417.74218
     1417.00901
     1414.81421
     1410.73224
     1404.71537
     1397.07982
     1388.39509
     1379.36136
     1370.72850
     1363.21412
     1357.32345
     1353.17064
     1350.40380
     1348.39546
     1346.59012
     1344.74655
     1342.97704
     1341.64424
     1341.15742
     1341.79901
     1343.66157
     1346.68837
     1350.79365
     1355.96284
     1362.15422
     1369.23536
     1376.95317
     1385.01982
     1393.19129
     1401.22070
     1408.81962
     1415.60266
     1421.10052
     1424.86766
     1426.58475
     1426.20517
     1424.00969
     1420.56361
     1416.49757
     1412.23075
     1407.80976
     1403.02714
     1397.70842
     1391.90747
     1385.97200
     1380.40166
     1375.69305
     1372.20095
     1370.08413
     1369.33531
     1369.87673
     1371.63572
     1374.60143
     1378.80501
     1384.24401
     1390.77095
     1397.95749
     1405.11043
     1411.42134
     1416.18125
     1418.96258
     1419.66611
     1418.48556
     1415.81751
     1412.18091
     1408.10978
     1404.08039
     1400.42848
     1397.33849
     1394.83494
     1392.88535
     1391.51790
     1390.89467
     1391.30517
     1393.03550
     1396.22034
     1400.72410
     1406.08038
     1411.52141
     1416.13478
     1419.11880
     1420.01061
     1418.72463
     1415.44958
     1410.54450
     1404.47630
     1397.77716
     1390.98564
     1384.53769
     1378.72146
     1373.75036
     1369.90343
     1367.60519
     1367.31458
     1369.25020
     1373.17443
     1378.39423
     1383.93608
     1388.84138
     1392.40228
     1394.29439
     1394.61222
     1393.82982
     1392.71569
     1392.17338
     1393.05734
     1395.99641
     1401.27523
     1408.79972
     1418.10178
     1428.35924
     1438.48568
     1447.31641
     1453.81885
     1457.25986
     1457.27339
     1453.86403
     1447.38433
     1438.47112
     1427.95693
     1416.75712
     1405.76848
     1395.76993
     1387.29874
     1380.60931
     1375.67601
     1372.31047
     1370.27713
     1369.39946
     1369.59179
     1370.79644
     1372.91722
     1375.73641
     1378.90131
     1381.98370
     1384.55973
     1386.33605
     1387.18239
     1387.10931
     1386.21056
     1384.62179
     1382.47595
     1379.85242
     1376.73444
     1372.98835
     1368.41115
     1362.85414
     1356.37158
     1349.27420
     1342.13038
     1335.65848
     1330.63692
     1327.82018
     1327.80367
     1330.86801
     1336.88357
     1345.29292
     1355.20261
     1365.58185
     1375.42826
     1383.93582
     1390.61132
     1395.28762
     1398.07506
     1399.26993
     1399.24946
     1398.43682
     1397.26136
     1396.17560
     1395.59177
     1395.81193
     1396.93255
     1398.84695
     1401.32016
     1404.05717
     1406.80522
     1409.37449
     1411.66095
     1413.61484
     1415.19222
     1416.36077
     1417.09133
     1417.40808
     1417.43219
     1417.37200
     1417.47427
     1417.95075
     1418.95427
     1420.56292
     1422.78310
     1425.50239
     1428.46504
     1431.31239
     1433.66399
     1435.22651
     1435.83657
     1435.47694
     1434.22516
     1432.22131
     1429.61749
     1426.52917
     1423.02780
     1419.17467
     1415.07095
     1410.88760
     1406.82786
     1403.09353
     1399.87275
     1397.35516
     1395.76907
     1395.41539
     1396.61407
     1399.52998
     1403.95920
     1409.24290
     1414.45783
     1418.78427
     1421.77169
     1423.32010
     1423.54433
     1422.59771
     1420.63874
     1417.89809
     1414.71815
     1411.57060
     1408.94751
     1407.26048
     1406.79324
     1407.63085
     1409.63593
     1412.45408
     1415.56066
     1418.35942
     1420.29945
     1420.99064
     1420.25466
     1418.19700
     1415.16400
     1411.68944
     1408.37503
     1405.75207
     1404.15510
     1403.62160
     1403.92843
     1404.74618
     1405.87174
     1407.39718
     1409.58619
     1412.57361
     1416.12588
     1419.65529
     1422.41890
     1423.75989
     1423.30096
     1421.01872
     1417.30050
     1412.86098
     1408.58912
     1405.34633
     1403.75824
     1404.08073
     1406.17777
     1409.65284
     1414.05317
     1419.06259
     1424.55661
     1430.46535
     1436.58439
     1442.48806
     1447.57470
     1451.21725
     1452.92991
     1452.41979
     1449.63273
     1444.80670
     1438.44354
     1431.24995
     1424.04315
     1417.60413
     1412.58687
     1409.49611
     1408.66850
     1410.22412
     1414.03346
     1419.76239
     1426.98855
     1435.31384
     1444.34891
     1453.59083
     1462.39092
     1469.98215
     1475.61658
     1478.75040
     1479.23709
     1477.37018
     1473.75181
     1468.90043
     1462.97430
     1455.90560
     1447.79865
     1439.15848
     1430.74956
     1423.29952
     1417.23861
     1412.59524
     1409.12422
     1406.49567
     1404.47510
     1403.01565
     1402.23383
     1402.32378
     1403.48498
     1405.84834
     1409.47392
     1414.35347
     1420.44068
     1427.60673
     1435.56397
     1443.80940
     1451.67796
     1458.50249
     1463.79354
     1467.34535
     1469.23978
     1469.73774
     1469.17863
     1467.90034
     1466.15533
     1464.05725
     1461.53577
     1458.37539
     1454.31312
     1449.20198
     1443.09891
     1436.28480
     1429.19972
     1422.38719
     1416.44617
     1411.95351
     1409.36130
     1408.87719
     1410.40001
     1413.52451
     1417.69006
     1422.40264
     1427.34890
     1432.28703
     1436.90932
     1440.79053
     1443.47541
     1444.58981
     1443.94224
     1441.52377
     1437.46420
     1431.98998
     1425.39484
     1418.00882
     1410.15665
     1402.07252
     1393.88045
     1385.68527
     1377.73690
     1370.52827
     1364.68933
     1360.71011
     1358.77939
     1358.83630
     1360.65027
     1363.86574
     1367.96649
     1372.32223
     1376.28373
     1379.35031
     1381.33437
     1382.37769
     1382.79998
     1382.87791
     1382.68837
     1382.20818
     1381.45997
     1380.63877
     1380.06994
     1380.09066
     1380.91463
     1382.53192
     1384.72625
     1387.15406
     1389.48068
     1391.52709
     1393.26188
     1394.66946
     1395.62841
     1395.88766
     1395.20756
     1393.56350
     1391.16676
     1388.47113
     1386.10651
     1384.72289
     1384.77094
     1386.32168
     1389.06799
     1392.51957
     1396.22825
     1399.98592
     1403.90105
     1408.31382
     1413.57868
     1419.88390
     1427.11436
     1434.74284
     1441.90347
     1447.61472
     1450.97447
     1451.31761
     1448.31126
     1442.01889
     1432.96080
     1422.13696
     1411.01046
     1401.31545
     1394.70649
     1392.30091
     1394.31168
     1400.02310
     1408.12320
     1417.19457
     1426.12209
     1434.26440
     1441.38534
     1447.42750
     1452.31776
     1455.88624
     1457.96079
     1458.45381
     1457.37344
     1454.75823
     1450.61127
     1444.92409
     1437.80155
     1429.55234
     1420.69544
     1411.87083
     1403.67016
     1396.48469
     1390.41929
     1385.27961
     1380.70682
     1376.32645
     1371.92283
     1367.52718
     1363.40132
     1359.90208
     1357.32027
     1355.77379
     1355.26072
     1355.70611
     1357.00408
     1359.04985
     1361.74222
     1365.01712
     1368.81903
     1373.05992
     1377.55142
     1381.99943
     1386.10555
     1389.71994
     1392.91734
     1395.95944
     1399.15863
     1402.68161
     1406.47909
     1410.32045
     1413.90887
     1417.00470
     1419.46846
     1421.27301
     1422.48970
     1423.20970
     1423.49853
     1423.38007
     1422.88930
     1422.15795
     1421.46097
     1421.12919
     1421.41260
     1422.40973
     1424.07592
     1426.24333
     1428.66992
     1431.00157
     1432.75546
     1433.37885
     1432.41949
     1429.71745
     1425.51263
     1420.41136
     1415.14044
     1410.27108
     1406.03859
     1402.34449
     1398.87373
     1395.25827
     1391.19618
     1386.50588
     1381.18673
     1375.38973
     1369.45338
     1363.87257
     1359.27752
     1356.32863
     1355.57159
     1357.26304
     1361.27179
     1367.11648
     1374.11892
     1381.63967
     1389.20444
     1396.55341
     1403.57990
     1410.22419
     1416.35326
     1421.68410
     1425.86543
     1428.60385
     1429.82965
     1429.70722
     1428.55525
     1426.73029
     1424.51826
     1422.12600
     1419.69829
     1417.38583
     1415.32771
     1413.64634
     1412.39926
     1411.56382
     1411.03017
     1410.68211
     1410.52761
     1410.78775
     1411.86328
     1414.08505
     1417.43615
     1421.49242
     1425.59468
     1429.07735
     1431.37810
     1432.12986
     1431.19745
     1428.68760
     1424.87670
     1420.06569
     1414.51460
     1408.40595
     1401.92923
     1395.34120
     1388.99101
     1383.26438
     1378.50439
     1374.98859
     1372.93177
     1372.48009
     1373.69558
     1376.52873
     1380.86313
     1386.56580
     1393.50375
     1401.45088
     1409.96964
     1418.40380
     1425.93753
     1431.74997
     1435.18890
     1435.91201
     1433.92352
     1429.51127
     1423.14871
     1415.39160
     1406.80269
     1397.93143
     1389.26472
     1381.17667
     1373.90804
     1367.61959
     1362.52399
     1358.95427
     1357.35856
     1358.16098
     1361.59621
     1367.53538
     1375.51451
     1384.89341
     1394.97544
     1405.03168
     1414.29671
     1422.05636
     1427.75605
     1431.14494
     1432.31482
     1431.70858
     1430.02898
     1428.10731
     1426.71821
     1426.35031
     1427.04273
     1428.39240
     1429.74018
     1430.38145
     1429.74938
     1427.54148
     1423.77705
     1418.76718
     1412.99140
     1406.96659
     1401.10579
     1395.63025
     1390.59581
     1385.98531
     1381.87637
     1378.55090
     1376.44252
     1375.96359
     1377.28261
     1380.28949
     1384.70160
     1390.19963
     1396.55126
     1403.59144
     1411.14841
     1418.93688
     1426.52585
     1433.33640
     1438.70188
     1442.05351
     1443.01907
     1441.47056
     1437.53204
     1431.53436
     1424.01271
     1415.73386
     1407.63078
     1400.64673
     1395.54199
     1392.71987
     1392.19138
     1393.62092
     1396.35943
     1399.53917
     1402.22102
     1403.62699
     1403.30325
     1401.19978
     1397.65273
     1393.31341
     1388.98843
     1385.42631
     1383.13748
     1382.35634
     1383.12454
     1385.41687
     1389.15417
     1394.12648
     1399.90772
     1405.83446
     1411.06474
     1414.79150
     1416.46719
     1416.00603
     1413.74852
     1410.28830
     1406.27382
     1402.30430
     1398.89242
     1396.42442
     1395.07041
     1394.69101
     1394.83069
     1394.83071
     1394.05647
     1392.17882
     1389.34601
     1386.10533
     1383.14730
     1381.01932
     1380.02006
     1380.25938
     1381.73534
     1384.34932
     1387.89529
     1392.10789
     1396.66310
     1401.17390
     1405.19441
     1408.25301
     1409.95201
     1410.08230
     1408.65583
     1405.88038
     1402.08435
     1397.61827
     1392.76218
     1387.72053
     1382.63844
     1377.66596
     1373.04877
     1369.10901
     1366.23491
     1364.77171
     1364.93758
     1366.72774
     1369.82930
     1373.61499
     1377.27946
     1380.03552
     1381.35070
     1381.05599
     1379.42274
     1377.12062
     1375.13404
     1374.50678
     1375.88964
     1379.16828
     1383.57415
     1388.07195
     1391.77089
     1394.17396
     1395.21834
     1395.19732
     1394.56569
     1393.74595
     1392.98589
     1392.23633
     1391.24611
     1389.71038
     1387.52725
     1384.88321
     1382.18184
     1379.81996
     1377.99340
     1376.67954
     1375.75039
     1375.01704
     1374.29556
     1373.44527
     1372.47485
     1371.54140
     1370.83506
     1370.42863
     1370.19005
     1369.87948
     1369.31671
     1368.49447
     1367.58776
     1366.86711
     1366.61119
     1366.98417
     1367.98091
     1369.45241
     1371.17184
     1372.89609
     1374.46353
     1375.84267
     1377.15594
     1378.66391
     1380.69123
     1383.51529
     1387.26380
     1391.83116
     1396.84885
     1401.75668
     1405.89245
     1408.60893
     1409.36677
     1407.85324
     1404.08321
     1398.39800
     1391.44854
     1384.04912
     1377.05738
     1371.27916
     1367.39050
     1365.90437
     1367.10290
     1370.99903
     1377.39032
     1385.90247
     1396.02225
     1407.04556
     1418.08224
     1428.15268
     1436.35795
     1442.08323
     1445.10658
     1445.61038
     1444.07354
     1441.12836
     1437.36996
     1433.19152
     1428.76152
     1424.06177
     1418.99329
     1413.52962
     1407.78678
     1402.05327
     1396.70333
     1392.09382
     1388.42857
     1385.68680
     1383.66068
     1382.08852
     1380.74500
     1379.49559
     1378.29611
     1377.13244
     1375.98177
     1374.75180
     1373.31111
     1371.54651
     1369.39467
     1366.84528
     1363.89952
     1360.55944
     1356.84461
     1352.85638
     1348.79788
     1344.97358
     1341.72596
     1339.37159
     1338.13904
     1338.11113
     1339.23850
     1341.36094
     1344.30584
     1347.92844
     1352.13049
     1356.78237
     1361.65643
     1366.45634
     1370.90471
     1374.91615
     1378.70686
     1382.71928
     1387.46293
     1393.25813
     1400.06712
     1407.44602
     1414.66133
     1420.93642
     1425.62316
     1428.32284
     1428.78614
     1426.81806
     1422.31383
     1415.37011
     1406.47103
     1396.51179
     1386.68547
     1378.21922
     1372.16192
     1369.22381
     1369.74783
     1373.68655
     1380.57319
     1389.56359
     1399.63684
     1409.81323
     1419.35057
     1427.80815
     1435.03499
     1441.08149
     1446.09302
     1450.17157
     1453.28086
     1455.23968
     1455.78670
     1454.74575
     1452.13985
     1448.23664
     1443.49657
     1438.42794
     1433.45189
     1428.79977
     1424.50873
     1420.45578
     1416.44755
     1412.30513
     1407.94140
     1403.41965
     1398.96579
     1394.88949
     1391.47590
     1388.87903
     1387.09834
     1386.07709
     1385.81757
     1386.40841
     1387.86629
     1389.93014
     1391.97435
     1393.14453
     1392.67237
     1390.13031
     1385.56844
     1379.48675
     1372.69944
     1366.11272
     1360.56234
     1356.66682
     1354.73520
     1354.70981
     1356.17870
     1358.42224
     1360.61487
     1362.08291
     1362.51113
     1362.05806
     1361.28671
     1360.93050
     1361.63686
     1363.77456
     1367.30512
     1371.88208
     1377.05652
     1382.55530
     1388.36446
     1394.61480
     1401.30112
     1408.06972
     1414.24005
     1419.02484
     1421.80863
     1422.34184
     1420.75993
     1417.49695
     1413.12349
     1408.15740
     1402.93890
     1397.60367
     1392.20641
     1386.85567
     1381.77924
     1377.26886
     1373.56980
     1370.80532
     1369.03353
     1368.34203
     1368.88013
     1370.82795
     1374.34488
     1379.48712
     1386.08278
     1393.60412
     1401.14464
     1407.59260
     1411.95915
     1413.67443
     1412.75258
     1409.73395
     1405.50509
     1401.00100
     1396.90694
     1393.51519
     1390.74572
     1388.32120
     1385.91881
     1383.29338
     1380.38154
     1377.34787
     1374.54841
     1372.38694
     1371.16199
     1370.94642
     1371.63727
     1373.01270
     1374.81809
     1376.79812
     1378.75200
     1380.50072
     1381.87035
     1382.63718
     1382.59230
     1381.70863
     1380.21459
     1378.54106
     1377.15931
     1376.48974
     1376.90240
     1378.66554
     1381.81668
     1386.08975
     1390.97015
     1395.86637
     1400.25743
     1403.80356
     1406.37238
     1407.99285
     1408.76430
     1408.72702
     1407.83782
     1406.00816
     1403.26801
     1399.89338
     1396.51028
     1393.95229
     1392.93930
     1393.78439
     1396.22893
     1399.55617
     1402.83546
     1405.17096
     1405.89716
     1404.67694
     1401.55585
     1396.97092
     1391.63020
     1386.32855
     1381.72558
     1378.15457
     1375.60072
     1373.79019
     1372.31359
     1370.77930
     1368.91242
     1366.62026
     1364.02281
     1361.40290
     1359.07702
     1357.32267
     1356.32362
     1356.21294
     1357.10049
     1359.04357
     1361.92912
     1365.39389
     1368.87266
     1371.73307
     1373.48240
     1373.98668
     1373.59610
     1373.08947
     1373.32589
     1374.84461
     1377.65413
     1381.34740
     1385.36240
     1389.26217
     1392.90633
     1396.42618
     1400.04125
     1403.79770
     1407.40263
     1410.20121
     1411.36715
     1410.23143
     1406.63424
     1401.05808
     1394.47691
     1387.91503
     1382.08489
     1377.20127
     1373.03598
     1369.06402
     1364.79395
     1360.05795
     1355.18653
     1350.92122
     1347.98296
     1346.64015
     1346.71205
     1347.93736
     1350.20447
     1353.43804
     1357.47883
     1362.04267
     1366.84169
     1371.63516
     1376.25454
     1380.54869
     1384.36866
     1387.53668
     1389.86684
     1391.22049
     1391.62281
     1391.31002
     1390.65175
     1389.91845
     1389.12381
     1388.06987
     1386.55264
     1384.56484
     1382.34665
     1380.24740
     1378.57303
     1377.49950
     1377.08013
     1377.32156
     1378.23148
     1379.78911
     1381.87900
     1384.28388
     1386.73422
     1388.99214
     1390.83035
     1392.00588
     1392.25172
     1391.39067
     1389.42978
     1386.61256
     1383.31859
     1379.94212
     1376.80978
     1374.18226
     1372.24226
     1371.08361
     1370.66936
     1370.85372
     1371.43366
     1372.24006
     1373.17344
     1374.22717
     1375.47549
     1376.97513
     1378.71874
     1380.58924
     1382.38782
     1383.88634
     1384.90501
     1385.34477
     1385.16162
     1384.36570
     1383.01321
     1381.18572
     1378.97141
     1376.46416
     1373.76914
     1371.04678
     1368.56074
     1366.70834
     1365.92250
     1366.54066
     1368.61869
     1371.86738
     1375.76135
     1379.76983
     1383.52624
     1386.87695
     1389.76214
     1392.04566
     1393.43598
     1393.53033
     1391.97445
     1388.67247
     1383.88505
     1378.24286
     1372.55098
     1367.55437
     1363.78153
     1361.52397
     1360.91391
     1361.96785
     1364.58932
     1368.53013
     1373.44482
     1378.96087
     1384.75361
     1390.55277
     1396.11460
     1401.19106
     1405.53462
     1408.91366
     1411.16056
     1412.20157
     1412.11300
     1411.11761
     1409.53025
     1407.72275
     1406.04815
     1404.73550
     1403.81331
     1403.09933
     1402.32787
     1401.34302
     1400.23553
     1399.35256
     1399.13796
     1399.87362
     1401.52253
     1403.75339
     1406.07184
     1407.94288
     1408.89751
     1408.59184
     1406.87665
     1403.81560
     1399.64250
     1394.70783
     1389.42581
     1384.21984
     1379.52176
     1375.65439
     1372.73444
     1370.65193
     1369.11470
     1367.75602
     1366.23870
     1364.34911
     1362.06647
     1359.61234
     1357.44508
     1356.17888
     1356.37068
     1358.27906
     1361.63923
     1365.71111
     1369.57180
     1372.58032
     1374.59516
     1375.92784
     1377.10096
     1378.59133
     1380.69664
     1383.43794
     1386.66532
     1390.22222
     1394.10121
     1398.41593
     1403.21581
     1408.37044
     1413.52312
     1418.17678
     1421.80043
     1423.94290
     1424.31405
     1422.84181
     1419.65341
     1415.05368
     1409.53887
     1403.77002
     1398.50790
     1394.42924
     1391.97489
     1391.27986
     1392.17426
     1394.27025
     1397.07146
     1400.13533
     1403.19349
     1406.22996
     1409.43446
     1413.00256
     1416.78017
     1420.11627
     1422.01337
     1421.48212
     1417.87043
     1411.10683
     1401.77423
     1391.05627
     1380.49141
     1371.67109
     1365.95752
     1364.29920
     1367.06489
     1373.95646
     1384.04996
     1395.97390
     1408.15338
     1419.06489
     1427.47894
     1432.64355
     1434.35210
     1432.86019
     1428.72993
     1422.66611
     1415.35952
     1407.39851
     1399.19970
     1391.05152
     1383.17707
     1375.82807
     1369.35432
     1364.22081
     1360.96732
     1360.11426
     1362.02866
     1366.73934
     1373.86431
     1382.62744
     1392.05687
     1401.23207
     1409.51761
     1416.70338
     1422.97470
     1428.64759
     1433.73152
     1437.75895
     1440.09194
     1440.37351
     1438.73697
     1435.72645
     1432.04920
     1428.35396
     1425.09372
     1422.42934
     1420.23398
     1418.15002
     1415.72432
     1412.58697
     1408.59184
     1403.86521
     1398.74761
     1393.66428
     1389.01400
     1385.10006
     1382.12685
     1380.13125
     1378.95267
     1378.24527
     1377.61071
     1376.73306
     1375.48272
     1373.93185
     1372.30886
     1370.89846
     1369.96878
     1369.72826
     1370.34127
     1371.95699
     1374.69021
     1378.61779
     1383.75434
     1390.04695
     1397.35198
     1405.43384
     1413.92850
     1422.39028
     1430.32546
     1437.25452
     1442.79793
     1446.69934
     1448.83646
     1449.21049
     1447.92889
     1445.21877
     1441.45037
     1437.10019
     1432.64802
     1428.49061
     1424.86516
     1421.78621
     1418.96854
     1415.80521
     1411.49929
     1405.32051
     1396.95367
     1386.73027
     1375.64599
     1365.09381
     1356.45563
     1350.71419
     1348.35609
     1349.41921
     1353.61585
     1360.40950
     1369.10384
     1378.97157
     1389.38984
     1399.86989
     1409.96219
     1419.15592
     1426.83288
     1432.38415
     1435.33642
     1435.48542
     1432.96135
     1428.23662
     1422.03549
     1415.16499
     1408.37038
     1402.27284
     1397.37778
     1394.07018
     1392.59915
     1393.04023
     1395.26635
     1398.91990
     1403.37592
     1407.85514
     1411.59760
     1414.07604
     1415.16244
     1415.11421
     1414.41680
     1413.59412
     1412.97726
     1412.62113
     1412.33241
     1411.76935
     1410.57559
     1408.48474
     1405.39779
     1401.41313
     1396.80315
     1391.90372
     1387.03201
     1382.45474
     1378.44627
     1375.35470
     1373.57300
     1373.47384
     1375.24348
     1378.72548
     1383.38030
     1388.43097
     1393.11033
     1396.90705
     1399.64852
     1401.47752
     1402.68729
     1403.54906
     1404.19172
     1404.60510
     1404.71994
     1404.57022
     1404.27793
     1404.01238
     1403.93275
     1404.20787
     1405.03399
     1406.53378
     1408.64769
     1411.08557
     1413.43882
     1415.30606
     1416.42128
     1416.71521
     1416.30781
     1415.46465
     1414.49731
     1413.64046
     1412.93094
     1412.20580
     1411.21504
     1409.80238
     1408.03293
     1406.19927
     1404.67827
     1403.68632
     1403.13734
     1402.69482
     1401.98114
     1400.77467
     1399.05656
     1397.01524
     1394.94602
     1393.13955
     1391.82341
     1391.20320
     1391.52444
     1393.01944
     1395.80931
     1399.70962
     1404.15999
     1408.29278
     1411.19857
     1412.19931
     1411.00162
     1407.68566
     1402.63036
     1396.37958
     1389.59519
     1382.97508
     1377.11823
     1372.41489
     1368.94671
     1366.61571
     1365.30891
     1365.02416
     1365.83582
     1367.75970
     1370.68883
     1374.36169
     1378.40736
     1382.43989
     1386.13554
     1389.28621
     1391.81467
     1393.75322
     1395.23022
     1396.44667
     1397.61341
     1398.88361
     1400.29861
     1401.83246
     1403.41526
     1404.90416
     1406.08126
     1406.67400
     1406.38663
     1404.97565
     1402.33859
     1398.56107
     1393.98240
     1389.16771
     1384.78016
     1381.35095
     1379.10536
     1377.93845
     1377.58810
     1377.78017
     1378.26617
     1378.79511
     1379.21665
     1379.57169
     1380.15541
     1381.36911
     1383.54844
     1386.82939
     1391.07110
     1395.91413
     1400.84730
     1405.35160
     1408.95422
     1411.28807
     1412.13767
     1411.52604
     1409.77490
     1407.48745
     1405.38021
     1404.09050
     1403.95938
     1404.98496
     1406.91745
     1409.43821
     1412.29387
     1415.35349
     1418.56753
     1421.92850
     1425.38212
     1428.73895
     1431.66026
     1433.68532
     1434.39430
     1433.65059
     1431.76006
     1429.42253
     1427.44427
     1426.29695
     1425.83966
     1425.43258
     1424.27779
     1421.77101
     1417.68297
     1412.19812
     1405.82046
     1399.16538
     1392.75050
     1386.87256
     1381.67709
     1377.29011
     1373.87671
     1371.54375
     1370.23318
     1369.72913
     1369.73874
     1370.01594
     1370.45008
     1371.03999
     1371.78416
     1372.54725
     1372.99217
     1372.61248
     1370.94217
     1367.73398
     1363.11545
     1357.50156
     1351.46385
     1345.58955
     1340.46065
     1336.69845
     1334.91509
     1335.57679
     1338.84246
     1344.52442
     1352.09597
     1360.73686
     1369.40781
     1376.95568
     1382.32990
     1384.80979
     1384.16188
     1380.68442
     1375.12145
     1368.51586
     1362.05304
     1356.88062
     1353.89950
     1353.56720
     1355.84183
     1360.25663
     1366.10873
     1372.63796
     1379.14588
     1385.08848
     1390.16019
     1394.31286
     1397.68691
     1400.51281
     1402.96996
     1405.06014
     1406.55577
     1407.05105
     1406.14122
     1403.58786
     1399.48035
     1394.25490
     1388.63961
     1383.48082
     1379.50108
     1377.10553
     1376.25638
     1376.52552
     1377.30190
     1378.05936
     1378.50797
     1378.66515
     1378.73839
     1379.03764
     1379.81709
     1381.23562
     1383.26704
     1385.68309
     1388.07508
     1390.00215
     1391.15178
     1391.47801
     1391.15552
     1390.47747
     1389.74356
     1389.20747
     1389.08284
     1389.52091
     1390.61297
     1392.38247
     1394.84798
     1398.04768
     1402.04722
     1406.89135
     1412.52761
     1418.74097
     1425.09646
     1431.02262
     1435.92730
     1439.35577
     1441.08286
     1441.13767
     1439.69789
     1436.99795
     1433.31143
     1428.98003
     1424.48005
     1420.38117
     1417.25020
     1415.44584
     1414.96875
     1415.43785
     1416.22524
     1416.70892
     1416.55286
     1415.82941
     1414.98109
     1414.60795
     1415.15109
     1416.66375
     1418.72273
     1420.53522
     1421.27416
     1420.36774
     1417.70344
     1413.62343
     1408.77278
     1403.87216
     1399.50580
     1396.03127
     1393.57662
     1392.13570
     1391.63920
     1391.98180
     1393.00193
     1394.49400
     1396.26026
     1398.18717
     1400.30052
     1402.73284
     1405.60201
     1408.91153
     1412.53428
     1416.28353
     1419.96100
     1423.41401
     1426.54006
     1429.23931
     1431.44481
     1433.13289
     1434.34916
     1435.19735
     1435.79217
     1436.18677
     1436.25583
     1435.70080
     1434.19527
     1431.56562
     1427.92762
     1423.63013
     1419.09554
     1414.68884
     1410.69467
     1407.34102
     1404.80074
     1403.15893
     1402.36105
     1402.22840
     1402.58373
     1403.33837
     1404.47793
     1405.92850
     1407.44684
     1408.65673
     1409.16894
     1408.67184
     1407.01870
     1404.25818
     1400.62234
     1396.42191
     1391.95968
     1387.46739
     1383.14558
     1379.22465
     1376.04405
     1374.05210
     1373.69269
     1375.19142
     1378.45653
     1383.16095
     1388.86348
     1395.08701
     1401.40673
     1407.52528
     1413.28389
     1418.61306
     1423.42929
     1427.56852
     1430.81318
     1433.02564
     1434.20766
     1434.47845
     1433.97142
     1432.73399
     1430.75835
     1428.03084
     1424.59874
     1420.59437
     1416.23140
     1411.72478
     1407.26962
     1402.96245
     1398.78337
     1394.64846
     1390.50589
     1386.42083
     1382.56695
     1379.19483
     1376.50456
     1374.43979
     1372.57151
     1370.23648
     1366.96540
     1362.81650
     1358.37889
     1354.47793
     1351.83133
     1350.77913
     1351.24995
     1352.82392
     1354.89703
     1356.92285
     1358.56405
     1359.71897
     1360.47907
     1360.99185
     1361.42560
     1361.95595
     1362.75871
     1364.00716
     1365.86546
     1368.39867
     1371.54234
     1375.15807
     1379.16013
     1383.56827
     1388.49032
     1394.00434
     1400.12189
     1406.78872
     1413.88115
     1421.20287
     1428.47127
     1435.34858
     1441.44706
     1446.35836
     1449.64049
     1450.92839
     1450.04685
     1447.09119
     1442.39094
     1436.41525
     1429.62996
     1422.38814
     1414.91230
     1407.31930
     1399.72582
     1392.32970
     1385.43442
     1379.45450
     1374.82061
     1371.91261
     1371.02569
     1372.33610
     1375.92587
     1381.73126
     1389.45688
     1398.51015
     1408.03670
     1417.07228
     1424.75829
     1430.54320
     1434.34212
     1436.54422
     1437.69452
     1438.05381
     1437.31546
     1434.78003
     1429.76882
     1421.98260
     1411.66385
     1399.59551
     1386.92317
     1374.90723
     1364.62722
     1356.81747
     1351.81003
     1349.57715
     1349.81315
     1351.98499
     1355.42957
     1359.50009
     1363.65920
     1367.56398
     1371.05798
     1374.18790
     1377.09952
     1380.01465
     1383.11448
     1386.47708
     1390.07148
     1393.77751
     1397.42423
     1400.81760
     1403.79504
     1406.30677
     1408.40134
     1410.07311
     1411.16433
     1411.30801
     1410.01670
     1406.83977
     1401.56179
     1394.32948
     1385.72028
     1376.66121
     1368.23703
     1361.42462
     1356.83632
     1354.63184
     1354.57900
     1356.22520
     1359.11376
     1362.97694
     1367.71384
     1373.12573
     1378.67149
     1383.59694
     1387.27151
     1389.45373
     1390.34276
     1390.47979
     1390.57186
     1391.30863
     1393.15578
     1396.18642
     1400.08647
     1404.26695
     1408.10392
     1411.09335
     1412.84596
     1413.02104
     1411.35358
     1407.77949
     1402.60528
     1396.54498
     1390.58752
     1385.71891
     1382.68995
     1381.83931
     1383.04345
     1385.78084
     1389.25601
     1392.60361
     1395.07355
     1396.21060
     1395.89406
     1394.31489
     1391.88918
     1389.12643
     1386.51321
     1384.39624
     1382.91857
     1382.03750
     1381.60663
     1381.49832
     1381.68387
     1382.24178
     1383.29855
     1384.91994
     1387.04085
     1389.42330
     1391.73325
     1393.65455
     1394.98783
     1395.70926
     1395.96124
     1396.00041
     1396.14593
     1396.65469
     1397.68523
     1399.24319
     1401.18870
     1403.23423
     1405.02105
     1406.16758
     1406.38904
     1405.63015
     1404.14527
     1402.47344
     1401.28594
     1401.12835
     1402.16926
     1404.11497
     1406.30150
     1407.94284
     1408.39893
     1407.30075
     1404.60498
     1400.55848
     1395.62361
     1390.38624
     1385.40537
     1381.14311
     1377.95477
     1376.07136
     1375.50206
     1375.93445
     1376.76505
     1377.31350
     1376.94362
     1375.15887
     1371.67078
     1366.50873
     1360.13003
     1353.35266
     1347.16242
     1342.40930
     1339.53963
     1338.47829
     1338.73060
     1339.71197
     1341.06633
     1342.84989
     1345.52577
     1349.74434
     1356.03887
     1364.61203
     1375.25414
     1387.40904
     1400.27279
     1412.87891
     1424.16953
     1433.11622
     1438.91661
     1441.13509
     1439.78221
     1435.29909
     1428.48584
     1420.38568
     1412.17130
     1405.04196
     1400.07895
     1398.10961
     1399.60904
     1404.57266
     1412.49030
     1422.43898
     1433.25303
     1443.71525
     1452.75010
     1459.58074
     1463.79907
     1465.27396
     1463.99245
     1459.97355
     1453.29657
     1444.19691
     1433.16576
     1420.98847
     1408.64361
     1397.15623
     1387.38088
     1379.84556
     1374.68457
     1371.66822
     1370.35880
     1370.34283
     1371.42820
     1373.69928
     1377.39788
     1382.68472
     1389.42765
     1397.13724
     1405.05149
     1412.30576
     1418.12589
     1422.00839
     1423.86864
     1424.12128
     1423.57509
     1423.17011
     1423.62044
     1425.21590
     1427.82801
     1431.00207
     1434.06201
     1436.26048
     1436.96724
     1435.82075
     1432.77612
     1428.04942
     1422.00768
     1415.08557
     1407.71715
     1400.28494
     1393.04947
     1386.10348
     1379.40729
     1372.90252
     1366.62477
     1360.72705
     1355.48664
     1351.24704
     1348.40970
     1347.36830
     1348.40514
     1351.59766
     1356.71118
     1363.21727
     1370.37109
     1377.37908
     1383.54853
     1388.40921
     1391.76595
     1393.66585
     1394.31886
     1394.00519
     1393.01598
     1391.58064
     1389.86183
     1387.93794
     1385.83938
     1383.65122
     1381.61318
     1380.18443
     1379.91471
     1381.15893
     1383.92259
     1387.94711
     1392.95336
     1398.69137
     1404.76283
     1410.55845
     1415.44971
     1419.11245
     1421.69635
     1423.65681
     1425.45423
     1427.30110
     1429.13182
     1430.69300
     1431.68361
     1431.83372
     1430.94581
     1428.93534
     1425.88045
     1422.00684
     1417.61257
     1413.01322
     1408.48659
     1404.26693
     1400.61785
     1397.84177
     1396.23980
     1395.98276
     1396.98924
     1398.93308
     1401.32144
     1403.63296
     1405.44907
     1406.55845
     1406.93983
     1406.75239
     1406.26763
     1405.78572
     1405.52673
     1405.52630
     1405.62939
     1405.55513
     1405.04501
     1403.97528
     1402.36337
     1400.29665
     1397.88786
     1395.25619
     1392.58833
     1390.15799
     1388.28295
     1387.24628
     1387.23946
     1388.34513
     1390.58668
     1393.88792
     1398.02913
     1402.59289
     1407.03525
     1410.79038
     1413.38763
     1414.52710
     1414.06318
     1411.97243
     1408.31786
     1403.26579
     1397.14218
     1390.44588
     1383.86873
     1378.17396
     1373.90466
     1371.12164
     1369.41689
     1368.23233
     1367.23197
     1366.47896
     1366.39409
     1367.53694
     1370.27392
     1374.51070
     1379.68155
     1384.98936
     1389.68678
     1393.23543
     1395.38863
     1396.18398
     1395.91842
     1395.04401
     1394.03520
     1393.27113
     1392.98205
     1393.22080
     1393.85376
     1394.60429
     1395.14415
     1395.27409
     1395.05410
     1394.79682
     1394.88639
     1395.62595
     1397.14158
     1399.39831
     1402.23596
     1405.37644
     1408.42133
     1410.89821
     1412.32255
     1412.32708
     1410.81431
     1408.00833
     1404.42527
     1400.66022
     1397.23195
     1394.44990
     1392.48095
     1391.48873
     1391.73183
     1393.44588
     1396.59744
     1400.69132
     1404.82939
     1408.01811
     1409.52431
     1409.03445
     1406.64757
     1402.69091
     1397.61210
     1391.92501
     1386.20680
     1381.06328
     1377.10501
     1374.87178
     1374.84616
     1377.39487
     1382.61407
     1390.08117
     1398.86275
     1407.86393
     1416.11421
     1422.82902
     1427.31412
     1429.02919
     1427.76992
     1423.78245
     1417.77632
     1410.86483
     1404.38579
     1399.65932
