        3.44445
        3.45494
        3.46209
        3.46553
        3.46544
        3.46235
        3.45701
        3.45022
        3.44268
        3.43492
        3.42718
        3.41950
        3.41184
        3.40427
        3.39700
        3.39042
        3.38497
        3.38105
        3.37896
        3.37896
        3.38117
        3.38563
        3.39209
        3.39992
        3.40807
        3.41513
        3.41974
        3.42105
        3.41894
        3.41403
        3.40726
        3.39943
        3.39084
        3.38134
        3.37061
        3.35846
        3.34503
        3.33077
        3.31635
        3.30265
        3.29059
        3.28112
        3.27501
        3.27275
        3.27423
        3.27878
        3.28521
        3.29222
        3.29873
        3.30410
        3.30820
        3.31133
        3.31398
        3.31663
        3.31950
        3.32254
        3.32562
        3.32866
        3.33163
        3.33426
        3.33585
        3.33556
        3.33293
        3.32823
        3.32224
        3.31569
        3.30890
        3.30183
        3.29432
        3.28634
        3.27818
        3.27045
        3.26397
        3.25971
        3.25862
        3.26143
        3.26856
        3.27993
        3.29486
        3.31214
        3.33011
        3.34705
        3.36163
        3.37320
        3.38151
        3.38639
        3.38772
        3.38541
        3.37958
        3.37081
        3.36028
        3.34968
        3.34060
        3.33406
        3.33033
        3.32909
        3.32968
        3.33139
        3.33364
        3.33602
        3.33827
        3.34021
        3.34175
        3.34292
        3.34386
        3.34482
        3.34615
        3.34820
        3.35122
        3.35513
        3.35953
        3.36392
        3.36785
        3.37109
        3.37349
        3.37495
        3.37537
        3.37461
        3.37266
        3.36967
        3.36603
        3.36226
        3.35882
        3.35594
        3.35356
        3.35149
        3.34960
        3.34791
        3.34657
        3.34573
        3.34542
        3.34533
        3.34490
        3.34350
        3.34075
        3.33681
        3.33237
        3.32846
        3.32608
        3.32583
        3.32773
        3.33132
        3.33587
        3.34064
        3.34486
        3.34777
        3.34869
        3.34726
        3.34360
        3.33828
        3.33212
        3.32593
        3.32033
        3.31581
        3.31287
        3.31197
        3.31347
        3.31748
        3.32378
        3.33184
        3.34087
        3.34984
        3.35771
        3.36365
        3.36735
        3.36905
        3.36942
        3.36923
        3.36903
        3.36910
        3.36942
        3.36988
        3.37034
        3.37072
        3.37101
        3.37115
        3.37107
        3.37093
        3.37130
        3.37310
        3.37723
        3.38411
        3.39350
        3.40456
        3.41618
        3.42731
        3.43712
        3.44504
        3.45063
        3.45362
        3.45397
        3.45192
        3.44783
        3.44211
        3.43504
        3.42676
        3.41718
        3.40605
        3.39328
        3.37937
        3.36561
        3.35373
        3.34515
        3.34045
        3.33916
        3.34001
        3.34145
        3.34218
        3.34159
        3.33979
        3.33739
        3.33509
        3.33358
        3.33350
        3.33546
        3.33991
        3.34686
        3.35573
        3.36537
        3.37445
        3.38210
        3.38819
        3.39325
        3.39791
        3.40247
        3.40683
        3.41068
        3.41353
        3.41486
        3.41409
        3.41084
        3.40531
        3.39841
        3.39137
        3.38523
        3.38050
        3.37720
        3.37496
        3.37326
        3.37153
        3.36928
        3.36606
        3.36140
        3.35469
        3.34534
        3.33303
        3.31801
        3.30113
        3.28366
        3.26708
        3.25278
        3.24199
        3.23577
        3.23491
        3.23995
        3.25100
        3.26763
        3.28871
        3.31248
        3.33666
        3.35880
        3.37674
        3.38897
        3.39485
        3.39468
        3.38951
        3.38085
        3.37035
        3.35944
        3.34922
        3.34045
        3.33360
        3.32895
        3.32656
        3.32620
        3.32743
        3.32949
        3.33137
        3.33195
        3.33024
        3.32577
        3.31879
        3.31023
        3.30131
        3.29319
        3.28658
        3.28183
        3.27890
        3.27759
        3.27757
        3.27842
        3.27966
        3.28094
        3.28229
        3.28410
        3.28693
        3.29125
        3.29721
        3.30465
        3.31326
        3.32274
        3.33289
        3.34346
        3.35406
        3.36411
        3.37294
        3.38009
        3.38538
        3.38904
        3.39149
        3.39337
        3.39513
        3.39689
        3.39834
        3.39899
        3.39841
        3.39642
        3.39304
        3.38842
        3.38286
        3.37680
        3.37074
        3.36509
        3.35997
        3.35520
        3.35033
        3.34497
        3.33887
        3.33192
        3.32410
        3.31543
        3.30601
        3.29603
        3.28579
        3.27557
        3.26552
        3.25573
        3.24640
        3.23801
        3.23127
        3.22690
        3.22528
        3.22628
        3.22931
        3.23359
        3.23855
        3.24418
        3.25097
        3.25967
        3.27097
        3.28518
        3.30191
        3.32004
        3.33792
        3.35362
        3.36522
        3.37109
        3.37029
        3.36285
        3.34977
        3.33273
        3.31366
        3.29434
        3.27616
        3.26002
        3.24633
        3.23520
        3.22652
        3.22012
        3.21581
        3.21353
        3.21341
        3.21572
        3.22081
        3.22888
        3.23986
        3.25333
        3.26848
        3.28427
        3.29964
        3.31371
        3.32577
        3.33527
        3.34175
        3.34507
        3.34553
        3.34394
        3.34136
        3.33886
        3.33717
        3.33660
        3.33700
        3.33789
        3.33875
        3.33937
        3.33998
        3.34111
        3.34326
        3.34660
        3.35100
        3.35607
        3.36155
        3.36736
        3.37363
        3.38047
        3.38779
        3.39531
        3.40269
        3.40963
        3.41601
        3.42178
        3.42671
        3.43019
        3.43128
        3.42902
        3.42293
        3.41324
        3.40079
        3.38673
        3.37223
        3.35832
        3.34599
        3.33611
        3.32943
        3.32629
        3.32650
        3.32935
        3.33376
        3.33865
        3.34330
        3.34737
        3.35098
        3.35442
        3.35800
        3.36179
        3.36560
        3.36901
        3.37143
        3.37240
        3.37176
        3.36990
        3.36769
        3.36618
        3.36622
        3.36808
        3.37136
        3.37498
        3.37768
        3.37840
        3.37661
        3.37250
        3.36680
        3.36055
        3.35470
        3.34982
        3.34597
        3.34289
        3.34013
        3.33741
        3.33467
        3.33214
        3.33022
        3.32925
        3.32940
        3.33061
        3.33261
        3.33493
        3.33686
        3.33747
        3.33582
        3.33144
        3.32462
        3.31645
        3.30849
        3.30212
        3.29808
        3.29621
        3.29569
        3.29548
        3.29476
        3.29319
        3.29095
        3.28858
        3.28655
        3.28501
        3.28385
        3.28316
        3.28346
        3.28532
        3.28902
        3.29463
        3.30230
        3.31236
        3.32516
        3.34065
        3.35824
        3.37667
        3.39428
        3.40934
        3.42034
        3.42635
        3.42706
        3.42281
        3.41441
        3.40288
        3.38918
        3.37404
        3.35792
        3.34116
        3.32425
        3.30806
        3.29382
        3.28280
        3.27593
        3.27348
        3.27498
        3.27941
        3.28550
        3.29202
        3.29806
        3.30336
        3.30820
        3.31314
        3.31868
        3.32495
        3.33176
        3.33866
        3.34504
        3.35033
        3.35394
        3.35534
        3.35420
        3.35071
        3.34568
        3.34038
        3.33603
        3.33334
        3.33241
        3.33292
        3.33446
        3.33704
        3.34106
        3.34665
        3.35321
        3.35940
        3.36381
        3.36575
        3.36556
        3.36419
        3.36254
        3.36119
        3.36042
        3.36013
        3.35995
        3.35930
        3.35762
        3.35456
        3.35012
        3.34470
        3.33904
        3.33406
        3.33066
        3.32945
        3.33062
        3.33400
        3.33907
        3.34514
        3.35143
        3.35716
        3.36149
        3.36346
        3.36209
        3.35649
        3.34628
        3.33194
        3.31493
        3.29730
        3.28106
        3.26747
        3.25690
        3.24899
        3.24310
        3.23867
        3.23538
        3.23325
        3.23259
        3.23389
        3.23758
        3.24377
        3.25205
        3.26142
        3.27058
        3.27833
        3.28404
        3.28782
        3.29004
        3.29078
        3.28987
        3.28733
        3.28377
        3.28029
        3.27811
        3.27823
        3.28116
        3.28692
        3.29518
        3.30553
        3.31759
        3.33106
        3.34549
        3.35997
        3.37309
        3.38316
        3.38895
        3.39004
        3.38667
        3.37939
        3.36866
        3.35498
        3.33907
        3.32204
        3.30538
        3.29078
        3.27983
        3.27366
        3.27281
        3.27713
        3.28578
        3.29730
        3.30988
        3.32174
        3.33176
        3.33977
        3.34634
        3.35217
        3.35750
        3.36196
        3.36474
        3.36497
        3.36219
        3.35667
        3.34933
        3.34144
        3.33409
        3.32787
        3.32280
        3.31861
        3.31499
        3.31178
        3.30900
        3.30662
        3.30455
        3.30268
        3.30107
        3.30006
        3.30011
        3.30162
        3.30467
        3.30911
        3.31468
        3.32119
        3.32854
        3.33654
        3.34479
        3.35274
        3.35977
        3.36551
        3.36985
        3.37300
        3.37533
        3.37711
        3.37837
        3.37891
        3.37850
        3.37704
        3.37463
        3.37156
        3.36819
        3.36493
        3.36213
        3.36009
        3.35901
        3.35906
        3.36037
        3.36304
        3.36693
        3.37164
        3.37653
        3.38095
        3.38433
        3.38639
        3.38702
        3.38617
        3.38380
        3.37990
        3.37457
        3.36810
        3.36097
        3.35370
        3.34681
        3.34062
        3.33532
        3.33091
        3.32730
        3.32442
        3.32221
        3.32063
        3.31965
        3.31929
        3.31959
        3.32058
        3.32212
        3.32379
        3.32488
        3.32450
        3.32193
        3.31687
        3.30960
        3.30092
        3.29193
        3.28375
        3.27727
        3.27305
        3.27119
        3.27131
        3.27256
        3.27377
        3.27364
        3.27120
        3.26623
        3.25953
        3.25269
        3.24759
        3.24583
        3.24831
        3.25513
        3.26570
        3.27901
        3.29408
        3.31013
        3.32662
        3.34304
        3.35879
        3.37305
        3.38499
        3.39394
        3.39947
        3.40145
        3.39999
        3.39542
        3.38812
        3.37853
        3.36714
        3.35459
        3.34181
        3.32980
        3.31945
        3.31142
        3.30616
        3.30383
        3.30414
        3.30639
        3.30963
        3.31288
        3.31536
        3.31660
        3.31644
        3.31502
        3.31266
        3.30978
        3.30667
        3.30344
        3.30012
        3.29682
        3.29398
        3.29224
        3.29212
        3.29366
        3.29634
        3.29928
        3.30159
        3.30266
        3.30226
        3.30059
        3.29808
        3.29515
        3.29203
        3.28880
        3.28551
        3.28230
        3.27936
        3.27680
        3.27464
        3.27277
        3.27097
        3.26898
        3.26661
        3.26380
        3.26068
        3.25754
        3.25487
        3.25317
        3.25280
        3.25391
        3.25637
        3.25982
        3.26371
        3.26742
        3.27056
        3.27312
        3.27545
        3.27799
        3.28086
        3.28375
        3.28603
        3.28706
        3.28651
        3.28448
        3.28153
        3.27849
        3.27614
        3.27497
        3.27500
        3.27596
        3.27748
        3.27938
        3.28179
        3.28508
        3.28976
        3.29629
        3.30478
        3.31502
        3.32645
        3.33837
        3.35001
        3.36040
        3.36834
        3.37248
        3.37186
        3.36647
        3.35755
        3.34702
        3.33676
        3.32802
        3.32143
        3.31708
        3.31472
        3.31379
        3.31356
        3.31332
        3.31254
        3.31101
        3.30886
        3.30641
        3.30410
        3.30227
        3.30107
        3.30058
        3.30085
        3.30207
        3.30451
        3.30828
        3.31322
        3.31869
        3.32381
        3.32775
        3.33001
        3.33059
        3.32983
        3.32818
        3.32593
        3.32312
        3.31966
        3.31558
        3.31121
        3.30727
        3.30470
        3.30430
        3.30632
        3.31013
        3.31417
        3.31639
        3.31505
        3.30952
        3.30051
        3.28972
        3.27910
        3.27038
        3.26462
        3.26221
        3.26277
        3.26544
        3.26906
        3.27258
        3.27548
        3.27795
        3.28085
        3.28538
        3.29266
        3.30338
        3.31755
        3.33444
        3.35265
        3.37032
        3.38544
        3.39626
        3.40157
        3.40095
        3.39487
        3.38449
        3.37130
        3.35679
        3.34231
        3.32904
        3.31812
        3.31060
        3.30730
        3.30859
        3.31417
        3.32306
        3.33378
        3.34464
        3.35414
        3.36124
        3.36554
        3.36727
        3.36703
        3.36553
        3.36338
        3.36092
        3.35823
        3.35506
        3.35103
        3.34575
        3.33911
        3.33140
        3.32329
        3.31568
        3.30947
        3.30543
        3.30399
        3.30511
        3.30829
        3.31261
        3.31703
        3.32066
        3.32305
        3.32432
        3.32510
        3.32628
        3.32863
        3.33253
        3.33787
        3.34402
        3.35002
        3.35478
        3.35743
        3.35773
        3.35612
        3.35367
        3.35166
        3.35110
        3.35246
        3.35564
        3.36014
        3.36533
        3.37068
        3.37570
        3.37996
        3.38305
        3.38463
        3.38449
        3.38274
        3.37971
        3.37571
        3.37089
        3.36529
        3.35899
        3.35250
        3.34669
        3.34273
        3.34168
        3.34435
        3.35094
        3.36096
        3.37314
        3.38573
        3.39682
        3.40478
        3.40855
        3.40780
        3.40285
        3.39448
        3.38355
        3.37080
        3.35678
        3.34192
        3.32654
        3.31099
        3.29573
        3.28133
        3.26849
        3.25801
        3.25072
        3.24742
        3.24873
        3.25478
        3.26510
        3.27857
        3.29364
        3.30873
        3.32248
        3.33382
        3.34200
        3.34672
        3.34813
        3.34679
        3.34356
        3.33948
        3.33559
        3.33263
        3.33091
        3.33035
        3.33068
        3.33159
        3.33275
        3.33378
        3.33425
        3.33372
        3.33188
        3.32879
        3.32490
        3.32103
        3.31809
        3.31686
        3.31781
        3.32092
        3.32571
        3.33150
        3.33762
        3.34363
        3.34927
        3.35435
        3.35869
        3.36214
        3.36469
        3.36642
        3.36739
        3.36750
        3.36657
        3.36452
        3.36151
        3.35792
        3.35414
        3.35025
        3.34580
        3.33994
        3.33178
        3.32114
        3.30871
        3.29594
        3.28443
        3.27557
        3.27022
        3.26865
        3.27053
        3.27509
        3.28141
        3.28856
        3.29579
        3.30254
        3.30840
        3.31321
        3.31711
        3.32052
        3.32404
        3.32822
        3.33340
        3.33957
        3.34636
        3.35312
        3.35912
        3.36367
        3.36635
        3.36704
        3.36601
        3.36388
        3.36151
        3.35987
        3.35984
        3.36204
        3.36671
        3.37371
        3.38257
        3.39264
        3.40314
        3.41317
        3.42156
        3.42687
        3.42760
        3.42265
        3.41203
        3.39688
        3.37901
        3.36024
        3.34197
        3.32521
        3.31080
        3.29946
        3.29181
        3.28810
        3.28818
        3.29156
        3.29763
        3.30575
        3.31528
        3.32534
        3.33481
        3.34252
        3.34751
        3.34935
        3.34827
        3.34500
        3.34054
        3.33587
        3.33176
        3.32882
        3.32748
        3.32800
        3.33022
        3.33352
        3.33684
        3.33904
        3.33928
        3.33738
        3.33384
        3.32965
        3.32572
        3.32247
        3.31973
        3.31724
        3.31517
        3.31428
        3.31532
        3.31866
        3.32412
        3.33129
        3.33965
        3.34882
        3.35845
        3.36814
        3.37730
        3.38509
        3.39057
        3.39289
        3.39164
        3.38698
        3.37967
        3.37092
        3.36208
        3.35429
        3.34831
        3.34430
        3.34209
        3.34137
        3.34201
        3.34406
        3.34773
        3.35320
        3.36056
        3.36959
        3.37960
        3.38938
        3.39742
        3.40240
        3.40369
        3.40138
        3.39596
        3.38787
        3.37735
        3.36456
        3.34988
        3.33408
        3.31831
        3.30384
        3.29182
        3.28295
        3.27743
        3.27498
        3.27511
        3.27735
        3.28138
        3.28689
        3.29332
        3.29970
        3.30490
        3.30825
        3.30974
        3.30995
        3.30973
        3.30998
        3.31138
        3.31430
        3.31871
        3.32446
        3.33138
        3.33947
        3.34881
        3.35945
        3.37116
        3.38332
        3.39494
        3.40480
        3.41164
        3.41440
        3.41247
        3.40590
        3.39542
        3.38229
        3.36790
        3.35355
        3.34022
        3.32854
        3.31890
        3.31159
        3.30691
        3.30517
        3.30663
        3.31144
        3.31951
        3.33041
        3.34330
        3.35688
        3.36947
        3.37949
        3.38606
        3.38949
        3.39091
        3.39158
        3.39250
        3.39405
        3.39598
        3.39743
        3.39730
        3.39472
        3.38962
        3.38284
        3.37573
        3.36963
        3.36537
        3.36315
        3.36264
        3.36313
        3.36381
        3.36405
        3.36361
        3.36265
        3.36156
        3.36074
        3.36040
        3.36056
        3.36104
        3.36154
        3.36159
        3.36068
        3.35832
        3.35415
        3.34815
        3.34067
        3.33237
        3.32405
        3.31634
        3.30954
        3.30359
        3.29811
        3.29254
        3.28638
        3.27949
        3.27215
        3.26503
        3.25887
        3.25421
        3.25125
        3.24981
        3.24955
        3.25013
        3.25128
        3.25286
        3.25488
        3.25752
        3.26121
        3.26641
        3.27338
        3.28200
        3.29170
        3.30163
        3.31088
        3.31851
        3.32358
        3.32524
        3.32311
        3.31773
        3.31062
        3.30384
        3.29926
        3.29807
        3.30060
        3.30651
        3.31500
        3.32503
        3.33538
        3.34482
        3.35241
        3.35779
        3.36121
        3.36324
        3.36436
        3.36471
        3.36421
        3.36266
        3.35990
        3.35589
        3.35077
        3.34485
        3.33859
        3.33257
        3.32733
        3.32315
        3.32005
        3.31793
        3.31691
        3.31749
        3.32030
        3.32580
        3.33396
        3.34426
        3.35578
        3.36726
        3.37740
        3.38509
        3.38965
        3.39086
        3.38874
        3.38343
        3.37514
        3.36425
        3.35142
        3.33763
        3.32407
        3.31197
        3.30230
        3.29564
        3.29210
        3.29135
        3.29288
        3.29623
        3.30110
        3.30727
        3.31447
        3.32233
        3.33043
        3.33824
        3.34511
        3.35025
        3.35291
        3.35260
        3.34947
        3.34437
        3.33863
        3.33359
        3.33036
        3.32956
        3.33135
        3.33542
        3.34092
        3.34670
        3.35157
        3.35471
        3.35594
        3.35565
        3.35439
        3.35259
        3.35034
        3.34760
        3.34434
        3.34066
        3.33679
        3.33302
        3.32965
        3.32692
        3.32491
        3.32366
        3.32308
        3.32298
        3.32308
        3.32293
        3.32208
        3.32034
        3.31796
        3.31561
        3.31420
        3.31446
        3.31687
        3.32155
        3.32833
        3.33680
        3.34627
        3.35570
        3.36389
        3.36980
        3.37292
        3.37344
        3.37216
        3.37013
        3.36830
        3.36714
        3.36659
        3.36608
        3.36489
        3.36247
        3.35876
        3.35421
        3.34963
        3.34590
        3.34374
        3.34343
        3.34480
        3.34719
        3.34970
        3.35143
        3.35172
        3.35018
        3.34664
        3.34129
        3.33468
        3.32767
        3.32120
        3.31592
        3.31214
        3.30979
        3.30850
        3.30777
        3.30710
        3.30617
        3.30505
        3.30413
        3.30404
        3.30536
        3.30837
        3.31289
        3.31841
        3.32431
        3.33000
        3.33482
        3.33811
        3.33913
        3.33735
        3.33260
        3.32527
        3.31621
        3.30657
        3.29753
        3.29005
        3.28476
        3.28196
        3.28157
        3.28322
        3.28625
        3.28988
        3.29326
        3.29557
        3.29607
        3.29445
        3.29127
        3.28802
        3.28651
        3.28813
        3.29343
        3.30211
        3.31317
        3.32508
        3.33607
        3.34447
        3.34916
        3.34988
        3.34735
        3.34300
        3.33849
        3.33516
        3.33370
        3.33399
        3.33517
        3.33610
        3.33565
        3.33306
        3.32799
        3.32054
        3.31125
        3.30111
        3.29146
        3.28386
        3.27978
        3.28032
        3.28587
        3.29590
        3.30911
        3.32381
        3.33855
        3.35231
        3.36450
        3.37462
        3.38207
        3.38602
        3.38567
        3.38040
        3.36999
        3.35478
        3.33571
        3.31433
        3.29261
        3.27265
        3.25640
        3.24540
        3.24053
        3.24189
        3.24877
        3.25982
        3.27323
        3.28705
        3.29945
        3.30900
        3.31503
        3.31771
        3.31807
        3.31758
        3.31768
        3.31931
        3.32271
        3.32744
        3.33260
        3.33713
        3.34025
        3.34181
        3.34224
        3.34237
        3.34285
        3.34398
        3.34559
        3.34704
        3.34755
        3.34652
        3.34394
        3.34056
        3.33760
        3.33629
        3.33738
        3.34082
        3.34586
        3.35117
        3.35526
        3.35697
        3.35560
        3.35095
        3.34315
        3.33268
        3.32048
        3.30796
        3.29673
        3.28835
        3.28396
        3.28419
        3.28909
        3.29820
        3.31059
        3.32509
        3.34048
        3.35569
        3.37005
        3.38338
        3.39587
        3.40804
        3.42051
        3.43381
        3.44818
        3.46334
        3.47842
        3.49200
        3.50250
        3.50846
        3.50886
        3.50331
        3.49213
        3.47622
        3.45696
        3.43596
        3.41491
        3.39546
        3.37901
        3.36664
        3.35887
        3.35575
        3.35678
        3.36090
        3.36650
        3.37147
        3.37376
        3.37227
        3.36723
        3.35990
        3.35168
        3.34354
        3.33593
        3.32900
        3.32282
        3.31744
        3.31291
        3.30912
        3.30574
        3.30232
        3.29841
        3.29389
        3.28914
        3.28505
        3.28283
        3.28370
        3.28854
        3.29772
        3.31097
        3.32740
        3.34561
        3.36384
        3.38018
        3.39303
        3.40132
        3.40488
        3.40429
        3.40063
        3.39514
        3.38888
        3.38259
        3.37671
        3.37136
        3.36630
        3.36096
        3.35450
        3.34609
        3.33534
        3.32275
        3.30963
        3.29783
        3.28905
        3.28446
        3.28439
        3.28836
        3.29513
        3.30298
        3.31009
        3.31503
        3.31698
        3.31584
        3.31200
        3.30612
        3.29897
        3.29137
        3.28414
        3.27807
        3.27373
        3.27146
        3.27129
        3.27316
        3.27720
        3.28368
        3.29290
        3.30488
        3.31907
        3.33425
        3.34882
        3.36120
        3.37033
        3.37577
        3.37773
        3.37680
        3.37377
        3.36942
        3.36437
        3.35904
        3.35370
        3.34854
        3.34382
        3.33988
        3.33700
        3.33528
        3.33440
        3.33370
        3.33238
        3.32984
        3.32583
        3.32051
        3.31437
        3.30804
        3.30213
        3.29714
        3.29338
        3.29100
        3.29018
        3.29118
        3.29433
        3.29980
        3.30760
        3.31739
        3.32858
        3.34035
        3.35180
        3.36208
        3.37051
        3.37656
        3.37993
        3.38051
        3.37844
        3.37398
        3.36748
        3.35944
        3.35053
        3.34164
        3.33372
        3.32764
        3.32398
        3.32288
        3.32415
        3.32737
        3.33206
        3.33770
        3.34366
        3.34912
        3.35318
        3.35518
        3.35498
        3.35318
        3.35081
        3.34897
        3.34847
        3.34946
        3.35139
        3.35323
        3.35381
        3.35232
        3.34851
        3.34259
        3.33510
        3.32671
        3.31825
        3.31068
        3.30494
        3.30158
        3.30060
        3.30138
        3.30290
        3.30416
        3.30461
        3.30440
        3.30431
        3.30551
        3.30908
        3.31576
        3.32568
        3.33839
        3.35302
        3.36843
        3.38335
        3.39649
        3.40689
        3.41427
        3.41922
        3.42282
        3.42607
        3.42940
        3.43260
        3.43501
        3.43590
        3.43473
        3.43136
        3.42589
        3.41852
        3.40930
        3.39835
        3.38595
        3.37257
        3.35876
        3.34492
        3.33148
        3.31891
        3.30780
        3.29887
        3.29279
        3.29003
        3.29064
        3.29417
        3.29974
        3.30634
        3.31331
        3.32057
        3.32848
        3.33734
        3.34708
        3.35713
        3.36665
        3.37475
        3.38079
        3.38447
        3.38577
        3.38483
        3.38177
        3.37663
        3.36939
        3.36008
        3.34900
        3.33693
        3.32503
        3.31463
        3.30685
        3.30233
        3.30119
        3.30311
        3.30745
        3.31339
        3.32008
        3.32673
        3.33280
        3.33796
        3.34216
        3.34544
        3.34774
        3.34879
        3.34810
        3.34518
        3.33983
        3.33231
        3.32343
        3.31447
        3.30693
        3.30208
        3.30063
        3.30272
        3.30805
        3.31607
        3.32608
        3.33723
        3.34864
        3.35958
        3.36953
        3.37811
        3.38478
        3.38879
        3.38930
        3.38592
        3.37910
        3.37009
        3.36060
        3.35226
        3.34625
        3.34307
        3.34253
        3.34385
        3.34572
        3.34664
        3.34515
        3.34021
        3.33139
        3.31894
        3.30373
        3.28719
        3.27108
        3.25723
        3.24713
        3.24183
        3.24181
        3.24706
        3.25712
        3.27111
        3.28783
        3.30592
        3.32394
        3.34059
        3.35488
        3.36629
        3.37478
        3.38060
        3.38413
        3.38566
        3.38533
        3.38323
        3.37955
        3.37467
        3.36922
        3.36394
        3.35954
        3.35652
        3.35508
        3.35520
        3.35673
        3.35943
        3.36310
        3.36759
        3.37295
        3.37943
        3.38738
        3.39712
        3.40858
        3.42124
        3.43413
        3.44593
        3.45516
        3.46037
        3.46040
        3.45473
        3.44369
        3.42841
        3.41065
        3.39233
        3.37520
        3.36060
        3.34927
        3.34140
        3.33673
        3.33473
        3.33477
        3.33612
        3.33809
        3.33991
        3.34089
        3.34052
        3.33864
        3.33544
        3.33132
        3.32677
        3.32223
        3.31799
        3.31424
        3.31104
        3.30847
        3.30656
        3.30537
        3.30486
        3.30482
        3.30492
        3.30475
        3.30397
        3.30235
        3.29974
        3.29615
        3.29177
        3.28702
        3.28247
        3.27872
        3.27624
        3.27527
        3.27584
        3.27783
        3.28102
        3.28517
        3.29012
        3.29575
        3.30199
        3.30866
        3.31551
        3.32219
        3.32837
        3.33373
        3.33793
        3.34059
        3.34118
        3.33917
        3.33430
        3.32694
        3.31821
        3.30966
        3.30262
        3.29778
        3.29528
        3.29492
        3.29645
        3.29962
        3.30406
        3.30924
        3.31439
        3.31870
        3.32148
        3.32225
        3.32087
        3.31756
        3.31294
        3.30786
        3.30331
        3.30016
        3.29905
        3.30024
        3.30357
        3.30851
        3.31419
        3.31964
        3.32397
        3.32661
        3.32750
        3.32699
        3.32563
        3.32377
        3.32125
        3.31765
        3.31275
        3.30694
        3.30121
        3.29674
        3.29457
        3.29531
        3.29900
        3.30503
        3.31227
        3.31929
        3.32464
        3.32727
        3.32673
        3.32326
        3.31754
        3.31033
        3.30217
        3.29329
        3.28382
        3.27409
        3.26478
        3.25683
        3.25116
        3.24851
        3.24930
        3.25362
        3.26115
        3.27115
        3.28257
        3.29412
        3.30454
        3.31272
        3.31779
        3.31916
        3.31660
        3.31036
        3.30103
        3.28938
        3.27610
        3.26187
        3.24748
        3.23396
        3.22242
        3.21394
        3.20925
        3.20852
        3.21131
        3.21674
        3.22406
        3.23307
        3.24391
        3.25648
        3.27002
        3.28336
        3.29532
        3.30513
        3.31271
        3.31841
        3.32274
        3.32608
        3.32850
        3.32980
        3.32965
        3.32772
        3.32381
        3.31783
        3.30983
        3.29994
        3.28839
        3.27571
        3.26271
        3.25045
        3.23992
        3.23182
        3.22642
        3.22355
        3.22279
        3.22364
        3.22558
        3.22822
        3.23142
        3.23527
        3.24011
        3.24637
        3.25429
        3.26382
        3.27456
        3.28584
        3.29679
        3.30642
        3.31376
        3.31802
        3.31881
        3.31631
        3.31119
        3.30440
        3.29676
        3.28880
        3.28091
        3.27358
        3.26745
        3.26323
        3.26149
        3.26250
        3.26630
        3.27270
        3.28139
        3.29194
        3.30388
        3.31671
        3.33007
        3.34376
        3.35762
        3.37122
        3.38370
        3.39389
        3.40090
        3.40431
        3.40421
        3.40100
        3.39534
        3.38816
        3.38058
        3.37373
        3.36845
        3.36505
        3.36326
        3.36254
        3.36241
        3.36273
        3.36355
        3.36483
        3.36624
        3.36722
        3.36718
        3.36577
        3.36300
        3.35926
        3.35513
        3.35118
        3.34772
        3.34480
        3.34244
        3.34083
        3.34039
        3.34153
        3.34429
        3.34833
        3.35289
        3.35691
        3.35926
        3.35918
        3.35654
        3.35188
        3.34605
        3.33982
        3.33354
        3.32703
        3.31974
        3.31110
        3.30084
        3.28918
        3.27701
        3.26570
        3.25676
        3.25154
        3.25100
        3.25568
        3.26552
        3.27984
        3.29719
        3.31531
        3.33133
        3.34237
        3.34642
        3.34304
        3.33348
        3.32005
        3.30520
        3.29077
        3.27777
        3.26652
        3.25705
        3.24945
        3.24394
        3.24075
        3.23999
        3.24165
        3.24568
        3.25210
        3.26097
        3.27217
        3.28528
        3.29952
        3.31390
        3.32741
        3.33939
        3.34960
        3.35831
        3.36612
        3.37365
        3.38127
        3.38893
        3.39616
        3.40232
        3.40689
        3.40964
        3.41055
        3.40976
        3.40745
        3.40383
        3.39908
        3.39332
        3.38667
        3.37930
        3.37154
        3.36391
        3.35691
        3.35078
        3.34538
        3.34027
        3.33492
        3.32906
        3.32277
        3.31644
        3.31056
        3.30551
        3.30151
        3.29859
        3.29662
        3.29546
        3.29500
        3.29519
        3.29598
        3.29716
        3.29829
        3.29882
        3.29836
        3.29675
        3.29407
        3.29058
        3.28669
        3.28296
        3.28017
        3.27918
        3.28070
        3.28501
        3.29175
        3.29998
        3.30855
        3.31652
        3.32349
        3.32962
        3.33540
        3.34145
        3.34828
        3.35623
        3.36530
        3.37527
        3.38557
        3.39533
        3.40343
        3.40865
        3.41000
        3.40699
        3.39990
        3.38964
        3.37747
        3.36453
        3.35165
        3.33928
        3.32756
        3.31660
        3.30657
        3.29792
        3.29119
        3.28679
        3.28483
        3.28503
        3.28687
        3.28980
        3.29335
        3.29721
        3.30114
        3.30489
        3.30824
        3.31099
        3.31303
        3.31440
        3.31527
        3.31585
        3.31610
        3.31567
        3.31391
        3.31027
        3.30481
        3.29823
        3.29162
        3.28604
        3.28236
        3.28116
        3.28265
        3.28666
        3.29278
        3.30054
        3.30957
        3.31959
        3.33031
        3.34131
        3.35201
        3.36175
        3.36990
        3.37596
        3.37952
        3.38031
        3.37820
        3.37331
        3.36586
        3.35613
        3.34439
        3.33110
        3.31702
        3.30324
        3.29107
        3.28177
        3.27630
        3.27516
        3.27831
        3.28534
        3.29556
        3.30814
        3.32223
        3.33697
        3.35155
        3.36532
        3.37783
        3.38877
        3.39770
        3.40400
        3.40682
        3.40540
        3.39933
        3.38891
        3.37506
        3.35897
        3.34192
        3.32516
        3.30993
        3.29732
        3.28815
        3.28273
        3.28087
        3.28184
        3.28452
        3.28759
        3.28982
        3.29041
        3.28930
        3.28713
        3.28498
        3.28395
        3.28496
        3.28850
        3.29455
        3.30265
        3.31206
        3.32196
        3.33167
        3.34082
        3.34930
        3.35711
        3.36412
        3.36982
        3.37345
        3.37428
        3.37201
        3.36684
        3.35930
        3.34997
        3.33928
        3.32755
        3.31508
        3.30237
        3.29013
        3.27924
        3.27074
        3.26547
        3.26395
        3.26638
        3.27259
        3.28211
        3.29417
        3.30758
        3.32087
        3.33244
        3.34097
        3.34571
        3.34660
        3.34420
        3.33960
        3.33428
        3.32982
        3.32749
        3.32802
        3.33152
        3.33744
        3.34472
        3.35202
        3.35806
        3.36197
        3.36330
        3.36199
        3.35808
        3.35174
        3.34335
        3.33367
        3.32383
        3.31522
        3.30912
        3.30639
        3.30714
        3.31082
        3.31649
        3.32311
        3.32968
        3.33536
        3.33949
        3.34176
        3.34240
        3.34216
        3.34216
        3.34347
        3.34663
        3.35141
        3.35691
        3.36195
        3.36559
        3.36730
        3.36689
        3.36436
        3.35990
        3.35387
        3.34675
        3.33909
        3.33156
        3.32489
        3.31984
        3.31705
        3.31683
        3.31918
        3.32376
        3.33005
        3.33749
        3.34564
        3.35416
        3.36282
        3.37135
        3.37932
        3.38617
        3.39119
        3.39375
        3.39346
        3.39032
        3.38491
        3.37834
        3.37201
        3.36727
        3.36502
        3.36553
        3.36833
        3.37229
        3.37571
        3.37680
        3.37441
        3.36876
        3.36122
        3.35357
        3.34731
        3.34327
        3.34151
        3.34155
        3.34261
        3.34399
        3.34527
        3.34653
        3.34820
        3.35079
        3.35449
        3.35899
        3.36360
        3.36764
        3.37078
        3.37305
        3.37465
        3.37591
        3.37716
        3.37863
        3.38032
        3.38194
        3.38316
        3.38387
        3.38428
        3.38483
        3.38581
        3.38724
        3.38882
        3.39008
        3.39053
        3.38988
        3.38813
        3.38557
        3.38258
        3.37958
        3.37687
        3.37449
        3.37222
        3.36963
        3.36615
        3.36132
        3.35494
        3.34721
        3.33878
        3.33059
        3.32374
        3.31925
        3.31801
        3.32050
        3.32673
        3.33619
        3.34786
        3.36041
        3.37239
        3.38239
        3.38917
        3.39177
        3.38967
        3.38288
        3.37182
        3.35725
        3.34017
        3.32183
        3.30376
        3.28752
        3.27445
        3.26542
        3.26068
        3.25989
        3.26230
        3.26692
        3.27285
        3.27947
        3.28654
        3.29409
        3.30228
        3.31118
        3.32061
        3.33010
        3.33902
        3.34677
        3.35296
        3.35762
        3.36107
        3.36376
        3.36606
        3.36820
        3.37026
        3.37226
        3.37425
        3.37637
        3.37887
        3.38193
        3.38567
        3.39012
        3.39528
        3.40116
        3.40774
        3.41483
        3.42210
        3.42899
        3.43487
        3.43915
        3.44139
        3.44144
        3.43939
        3.43553
        3.43019
        3.42366
        3.41613
        3.40785
        3.39923
        3.39080
        3.38304
        3.37609
        3.36956
        3.36268
        3.35460
        3.34481
        3.33340
        3.32117
        3.30933
        3.29913
        3.29158
        3.28724
        3.28650
        3.28966
        3.29691
        3.30818
        3.32278
        3.33934
        3.35592
        3.37039
        3.38086
        3.38597
        3.38505
        3.37822
        3.36635
        3.35104
        3.33412
        3.31727
        3.30170
        3.28807
        3.27655
        3.26699
        3.25914
        3.25278
        3.24796
        3.24494
        3.24409
        3.24570
        3.24973
        3.25579
        3.26320
        3.27118
        3.27906
        3.28648
        3.29337
        3.29991
        3.30642
        3.31318
        3.32035
        3.32783
        3.33524
        3.34207
        3.34781
        3.35220
        3.35522
        3.35696
        3.35740
        3.35639
        3.35392
        3.35042
        3.34697
        3.34500
        3.34579
        3.35008
        3.35782
        3.36822
        3.37993
        3.39140
        3.40116
        3.40805
        3.41148
        3.41153
        3.40892
        3.40494
        3.40106
        3.39848
        3.39772
        3.39852
        3.39988
        3.40051
        3.39926
        3.39550
        3.38932
        3.38134
        3.37240
        3.36296
        3.35307
        3.34253
        3.33135
        3.32014
        3.31002
        3.30223
        3.29772
        3.29686
        3.29942
        3.30471
        3.31185
        3.32000
        3.32863
        3.33752
        3.34658
        3.35563
        3.36429
        3.37203
        3.37842
        3.38321
        3.38630
        3.38750
        3.38657
        3.38317
        3.37708
        3.36822
        3.35695
        3.34423
        3.33161
        3.32093
        3.31375
        3.31094
        3.31245
        3.31740
        3.32438
        3.33185
        3.33868
        3.34438
        3.34904
        3.35315
        3.35723
        3.36170
        3.36668
        3.37189
        3.37672
        3.38047
        3.38259
        3.38297
        3.38177
        3.37938
        3.37626
        3.37284
        3.36948
        3.36648
        3.36413
        3.36282
        3.36290
        3.36441
        3.36697
        3.36984
        3.37222
        3.37337
        3.37266
        3.36963
        3.36422
        3.35693
        3.34866
        3.34043
        3.33309
        3.32719
        3.32294
        3.32027
        3.31900
        3.31906
        3.32052
        3.32354
        3.32808
        3.33369
        3.33935
        3.34364
        3.34534
        3.34392
        3.33982
        3.33426
        3.32880
        3.32493
        3.32373
        3.32575
        3.33093
        3.33858
        3.34755
        3.35653
        3.36438
        3.37051
        3.37491
        3.37804
        3.38059
        3.38326
        3.38651
        3.39051
        3.39506
        3.39967
        3.40378
        3.40689
        3.40866
        3.40886
        3.40728
        3.40384
        3.39875
        3.39266
        3.38658
        3.38160
        3.37857
        3.37770
        3.37837
        3.37925
        3.37884
        3.37621
        3.37137
        3.36503
        3.35817
        3.35155
        3.34540
        3.33949
        3.33345
        3.32720
        3.32124
        3.31664
        3.31472
        3.31659
        3.32251
        3.33175
        3.34276
        3.35383
        3.36376
        3.37215
        3.37934
        3.38625
        3.39371
        3.40205
        3.41068
        3.41829
        3.42356
        3.42598
        3.42585
        3.42365
        3.41958
        3.41380
        3.40661
        3.39855
        3.39013
        3.38177
        3.37378
        3.36639
        3.35986
        3.35448
        3.35053
        3.34824
        3.34756
        3.34809
        3.34920
        3.35044
        3.35179
        3.35357
        3.35615
        3.35953
        3.36332
        3.36691
        3.36979
        3.37163
        3.37235
        3.37194
        3.37037
        3.36770
        3.36412
        3.36001
        3.35584
        3.35201
        3.34890
        3.34692
        3.34650
        3.34796
        3.35127
        3.35605
        3.36166
        3.36743
        3.37282
        3.37736
        3.38072
        3.38273
        3.38345
        3.38313
        3.38212
        3.38072
        3.37910
        3.37728
        3.37512
        3.37254
        3.36954
        3.36633
        3.36325
        3.36069
        3.35895
        3.35820
        3.35851
        3.35987
        3.36218
        3.36530
        3.36910
        3.37342
        3.37807
        3.38279
        3.38712
        3.39036
        3.39173
        3.39065
        3.38702
        3.38137
        3.37463
        3.36773
        3.36130
        3.35560
        3.35071
        3.34685
        3.34451
        3.34435
        3.34697
        3.35255
        3.36069
        3.37035
        3.38018
        3.38888
        3.39549
        3.39946
        3.40054
        3.39868
        3.39407
        3.38718
        3.37863
        3.36912
        3.35921
        3.34937
        3.34001
        3.33153
        3.32433
        3.31875
        3.31506
        3.31335
        3.31350
        3.31513
        3.31774
        3.32071
        3.32348
        3.32565
        3.32718
        3.32836
        3.32964
        3.33128
        3.33312
        3.33460
        3.33495
        3.33373
        3.33098
        3.32728
        3.32344
        3.32035
        3.31878
        3.31928
        3.32211
        3.32717
        3.33411
        3.34237
        3.35128
        3.36012
        3.36816
        3.37481
        3.37987
        3.38348
        3.38616
        3.38853
        3.39118
        3.39449
        3.39850
        3.40283
        3.40667
        3.40892
        3.40858
        3.40519
        3.39926
        3.39210
        3.38536
        3.38013
        3.37664
        3.37434
        3.37232
        3.36975
        3.36614
        3.36145
        3.35596
        3.34993
        3.34339
        3.33616
        3.32817
        3.31965
        3.31119
        3.30361
        3.29774
        3.29428
        3.29368
        3.29605
        3.30121
        3.30869
        3.31772
        3.32725
        3.33601
        3.34284
        3.34697
        3.34814
        3.34663
        3.34311
        3.33841
        3.33329
        3.32821
        3.32318
        3.31790
        3.31204
        3.30588
        3.30046
        3.29739
        3.29825
        3.30411
        3.31515
        3.33056
        3.34852
        3.36649
        3.38171
        3.39167
        3.39458
        3.38974
        3.37775
        3.36041
        3.34025
        3.32000
        3.30217
        3.28860
        3.28035
        3.27763
        3.28000
        3.28659
        3.29634
        3.30819
        3.32125
        3.33485
        3.34853
        3.36190
        3.37451
        3.38574
        3.39472
        3.40044
        3.40195
        3.39857
        3.39030
        3.37791
        3.36284
        3.34683
        3.33146
        3.31776
        3.30600
        3.29584
        3.28672
        3.27862
        3.27223
        3.26855
        3.26811
        3.27069
        3.27545
        3.28129
        3.28719
        3.29243
        3.29672
        3.30027
        3.30365
        3.30760
        3.31272
        3.31928
        3.32709
        3.33561
        3.34412
        3.35197
        3.35862
        3.36369
        3.36711
        3.36913
        3.37035
        3.37144
        3.37295
        3.37511
        3.37779
        3.38060
        3.38305
        3.38467
        3.38509
        3.38402
        3.38121
        3.37648
        3.36971
        3.36091
        3.35022
        3.33794
        3.32449
        3.31053
        3.29678
        3.28404
        3.27303
        3.26430
        3.25819
        3.25486
        3.25428
        3.25627
        3.26050
        3.26641
        3.27327
        3.28034
        3.28698
        3.29279
        3.29776
        3.30232
        3.30747
        3.31451
        3.32468
        3.33861
        3.35585
        3.37483
        3.39319
        3.40843
        3.41866
        3.42289
        3.42098
        3.41348
        3.40143
        3.38618
        3.36910
        3.35134
        3.33373
        3.31703
        3.30202
        3.28963
        3.28076
        3.27607
        3.27583
        3.27984
        3.28738
        3.29736
        3.30851
        3.31965
        3.32973
        3.33790
        3.34344
        3.34592
        3.34517
        3.34143
        3.33532
        3.32790
        3.32050
        3.31434
        3.31029
        3.30851
        3.30859
        3.30973
        3.31108
        3.31208
        3.31267
        3.31314
        3.31406
        3.31602
        3.31946
        3.32455
        3.33116
        3.33886
        3.34709
        3.35533
        3.36313
        3.37000
        3.37533
        3.37841
        3.37858
        3.37552
        3.36952
        3.36155
        3.35296
        3.34506
        3.33868
        3.33410
        3.33106
        3.32905
        3.32762
        3.32655
        3.32587
        3.32568
        3.32592
        3.32641
        3.32685
        3.32698
        3.32652
        3.32516
        3.32268
        3.31919
        3.31518
        3.31133
        3.30828
        3.30646
        3.30598
        3.30665
        3.30802
        3.30960
        3.31100
        3.31216
        3.31335
        3.31497
        3.31729
        3.32020
        3.32323
        3.32574
        3.32739
        3.32830
        3.32903
        3.33022
        3.33223
        3.33509
        3.33850
        3.34197
        3.34501
        3.34723
        3.34827
        3.34773
        3.34521
        3.34052
        3.33400
        3.32660
        3.31978
        3.31500
        3.31336
        3.31532
        3.32078
        3.32914
        3.33957
        3.35099
        3.36224
        3.37229
        3.38042
        3.38645
        3.39052
        3.39281
        3.39331
        3.39189
        3.38852
        3.38342
        3.37705
        3.37007
        3.36316
        3.35686
        3.35151
        3.34724
        3.34398
        3.34149
        3.33945
        3.33750
        3.33538
        3.33302
        3.33047
        3.32784
        3.32537
        3.32342
        3.32244
        3.32292
        3.32525
        3.32962
        3.33592
        3.34359
        3.35171
        3.35916
        3.36502
        3.36887
        3.37088
        3.37148
        3.37115
        3.37031
        3.36940
        3.36868
        3.36807
        3.36707
        3.36499
        3.36126
        3.35568
        3.34849
        3.34035
        3.33210
        3.32463
        3.31869
        3.31485
        3.31346
        3.31446
        3.31734
        3.32110
        3.32458
        3.32672
        3.32694
        3.32524
        3.32204
        3.31789
        3.31320
        3.30820
        3.30297
        3.29753
        3.29196
        3.28658
        3.28191
        3.27869
        3.27756
        3.27874
        3.28175
        3.28548
        3.28865
        3.29049
        3.29123
        3.29188
        3.29374
        3.29778
        3.30441
        3.31336
        3.32385
        3.33491
        3.34566
        3.35560
        3.36446
        3.37199
        3.37789
        3.38193
        3.38421
        3.38509
        3.38507
        3.38459
        3.38383
        3.38281
        3.38151
        3.38019
        3.37942
        3.38008
        3.38298
        3.38857
        3.39666
        3.40657
        3.41732
        3.42787
        3.43716
        3.44402
        3.44729
        3.44608
        3.44011
        3.42980
        3.41619
        3.40085
        3.38565
        3.37257
        3.36335
        3.35911
        3.36022
        3.36616
        3.37573
        3.38720
        3.39853
        3.40767
        3.41297
        3.41357
        3.40952
        3.40170
        3.39141
        3.38003
        3.36880
        3.35864
        3.35003
        3.34303
        3.33738
        3.33266
        3.32858
        3.32511
        3.32264
        3.32182
        3.32332
        3.32755
        3.33438
        3.34313
        3.35261
        3.36138
        3.36819
        3.37231
        3.37377
        3.37331
        3.37197
        3.37067
        3.36990
        3.36963
        3.36950
        3.36899
        3.36765
        3.36522
        3.36174
        3.35763
        3.35356
        3.35030
        3.34836
        3.34781
        3.34835
        3.34950
        3.35074
        3.35165
        3.35186
        3.35111
        3.34927
        3.34628
        3.34214
        3.33677
        3.33011
        3.32209
        3.31282
        3.30269
        3.29242
        3.28293
        3.27513
        3.26971
        3.26699
        3.26691
        3.26917
        3.27344
        3.27928
        3.28619
        3.29341
        3.30003
        3.30511
        3.30805
        3.30883
        3.30807
        3.30678
        3.30599
        3.30625
        3.30743
        3.30881
        3.30942
        3.30853
        3.30607
        3.30272
        3.29978
        3.29859
        3.30005
        3.30438
        3.31103
        3.31898
        3.32708
        3.33434
        3.34015
        3.34427
        3.34670
        3.34754
        3.34696
        3.34524
        3.34273
        3.33977
        3.33654
        3.33302
        3.32897
        3.32422
        3.31876
        3.31281
        3.30669
        3.30071
        3.29513
        3.29010
        3.28578
        3.28226
        3.27957
        3.27763
        3.27629
        3.27535
        3.27472
        3.27461
        3.27549
        3.27788
        3.28206
        3.28788
        3.29478
        3.30212
        3.30929
        3.31583
        3.32134
        3.32554
        3.32826
        3.32959
        3.32981
        3.32922
        3.32797
        3.32608
        3.32368
        3.32117
        3.31918
        3.31833
        3.31915
        3.32188
        3.32644
        3.33248
        3.33950
        3.34700
        3.35459
        3.36195
        3.36867
        3.37414
        3.37758
        3.37821
        3.37561
        3.36999
        3.36193
        3.35223
        3.34173
        3.33117
        3.32104
        3.31158
        3.30290
        3.29511
        3.28845
        3.28326
        3.27974
        3.27786
        3.27743
        3.27823
        3.28020
        3.28335
        3.28771
        3.29322
        3.29969
        3.30677
        3.31414
        3.32146
        3.32859
        3.33555
        3.34247
        3.34945
        3.35637
        3.36294
        3.36872
        3.37335
        3.37691
        3.38015
        3.38420
        3.38991
        3.39718
        3.40502
        3.41194
        3.41666
        3.41855
        3.41770
        3.41489
        3.41120
        3.40760
        3.40469
        3.40265
        3.40130
        3.40040
        3.39963
        3.39870
        3.39729
        3.39509
        3.39183
        3.38741
        3.38193
        3.37567
        3.36878
        3.36123
        3.35286
        3.34355
        3.33331
        3.32226
        3.31061
        3.29870
        3.28701
        3.27605
        3.26642
        3.25872
        3.25361
        3.25161
        3.25298
        3.25758
        3.26494
        3.27436
        3.28515
        3.29679
        3.30892
        3.32138
        3.33397
        3.34637
        3.35805
        3.36827
        3.37625
        3.38129
        3.38283
        3.38056
        3.37435
        3.36437
        3.35122
        3.33600
        3.32020
        3.30540
        3.29297
        3.28369
        3.27765
        3.27415
        3.27233
        3.27177
        3.27293
        3.27695
        3.28493
        3.29744
        3.31424
        3.33419
        3.35552
        3.37610
        3.39400
        3.40778
        3.41670
        3.42070
        3.42028
        3.41639
        3.41025
        3.40303
        3.39570
        3.38886
        3.38278
        3.37735
        3.37232
        3.36731
        3.36200
        3.35628
        3.35018
        3.34393
        3.33782
        3.33215
        3.32721
        3.32305
        3.31960
        3.31685
        3.31505
        3.31482
        3.31694
        3.32217
        3.33092
        3.34301
        3.35756
        3.37308
        3.38769
        3.39964
        3.40775
        3.41167
        3.41176
        3.40884
        3.40372
        3.39690
        3.38860
        3.37919
        3.36962
        3.36118
        3.35493
        3.35123
        3.34972
        3.34949
        3.34934
        3.34809
        3.34498
        3.33989
        3.33337
        3.32643
        3.32009
        3.31517
        3.31230
        3.31201
        3.31474
        3.32062
        3.32918
        3.33929
        3.34931
        3.35757
        3.36273
        3.36418
        3.36213
        3.35746
        3.35156
        3.34591
        3.34176
        3.33985
        3.34038
        3.34303
        3.34711
        3.35178
        3.35621
        3.35982
        3.36234
        3.36385
        3.36458
        3.36477
        3.36445
        3.36350
        3.36169
        3.35893
        3.35532
        3.35128
        3.34738
        3.34414
        3.34190
        3.34069
        3.34027
        3.34020
        3.33996
        3.33911
        3.33738
        3.33478
        3.33154
        3.32814
        3.32518
        3.32328
        3.32292
        3.32417
        3.32663
        3.32940
        3.33137
        3.33164
        3.32991
        3.32668
        3.32306
        3.32035
        3.31960
        3.32141
        3.32587
        3.33259
        3.34083
        3.34965
        3.35810
        3.36538
        3.37085
        3.37409
        3.37508
        3.37433
        3.37290
        3.37195
        3.37259
        3.37567
        3.38171
        3.39071
        3.40192
        3.41395
        3.42504
        3.43363
        3.43884
        3.44077
        3.44031
        3.43853
        3.43606
        3.43283
        3.42799
        3.42040
        3.40917
        3.39403
        3.37550
        3.35469
        3.33306
        3.31225
        3.29391
        3.27959
        3.27040
        3.26691
        3.26904
        3.27613
        3.28698
        3.30003
        3.31340
        3.32514
        3.33338
        3.33667
        3.33417
        3.32592
        3.31288
        3.29671
        3.27938
        3.26286
        3.24879
        3.23826
        3.23181
        3.22956
        3.23152
        3.23766
        3.24794
        3.26210
        3.27952
        3.29905
        3.31920
        3.33827
        3.35474
        3.36760
        3.37649
        3.38172
        3.38399
        3.38402
        3.38213
        3.37819
        3.37181
        3.36274
        3.35127
        3.33830
        3.32513
        3.31318
        3.30369
        3.29740
        3.29440
        3.29399
        3.29487
        3.29553
        3.29480
        3.29223
        3.28804
        3.28296
        3.27809
        3.27460
        3.27348
        3.27530
        3.28013
        3.28768
        3.29740
        3.30864
        3.32072
        3.33304
        3.34516
        3.35691
        3.36835
        3.37957
        3.39050
        3.40087
        3.41015
        3.41771
        3.42280
        3.42467
        3.42281
        3.41708
        3.40797
        3.39648
        3.38397
        3.37184
        3.36126
        3.35300
        3.34732
        3.34412
        3.34302
        3.34355
        3.34522
        3.34763
        3.35054
        3.35380
        3.35736
        3.36109
        3.36457
        3.36702
        3.36748
        3.36535
        3.36063
        3.35378
        3.34532
        3.33570
        3.32560
        3.31605
        3.30805
        3.30209
        3.29790
        3.29474
        3.29185
        3.28888
        3.28595
        3.28345
        3.28187
        3.28164
        3.28305
        3.28626
        3.29116
        3.29740
        3.30452
        3.31203
        3.31946
        3.32643
        3.33249
        3.33712
        3.33980
        3.34023
        3.33855
        3.33530
        3.33132
        3.32748
        3.32447
        3.32264
        3.32201
        3.32232
        3.32312
        3.32391
        3.32434
        3.32434
        3.32417
        3.32429
        3.32514
        3.32691
        3.32958
        3.33302
        3.33704
        3.34145
        3.34594
        3.35004
        3.35321
        3.35497
        3.35498
        3.35311
        3.34931
        3.34375
        3.33681
        3.32920
        3.32185
        3.31567
        3.31141
        3.30955
        3.31031
        3.31373
        3.31973
        3.32809
        3.33829
        3.34955
        3.36072
        3.37047
        3.37784
        3.38266
        3.38563
        3.38770
        3.38944
        3.39076
        3.39091
        3.38891
        3.38414
        3.37679
        3.36788
        3.35881
        3.35083
        3.34485
        3.34123
        3.33989
        3.34034
        3.34181
        3.34350
        3.34479
        3.34527
        3.34487
        3.34381
        3.34254
        3.34164
        3.34142
        3.34179
        3.34222
        3.34207
        3.34083
        3.33829
        3.33452
        3.32980
        3.32459
        3.31956
        3.31549
        3.31316
        3.31315
        3.31563
        3.32024
        3.32616
        3.33242
        3.33814
        3.34280
        3.34612
        3.34779
        3.34738
        3.34449
        3.33920
        3.33236
        3.32549
        3.32023
        3.31775
        3.31855
        3.32249
        3.32904
        3.33750
        3.34705
        3.35674
        3.36551
        3.37231
        3.37617
        3.37621
        3.37181
        3.36286
        3.35017
        3.33541
        3.32048
        3.30696
        3.29608
        3.28886
        3.28611
        3.28813
        3.29454
        3.30426
        3.31555
        3.32623
        3.33408
