        0.00225        0.00000
        0.00450        0.00000
        0.00675        0.00000
        0.00900        0.00000
        0.01125        0.00000
        0.01350        0.00000
        0.01575        0.00000
        0.01800        0.00000
        0.02025        0.00000
        0.02250        0.00000
        0.02475        0.00000
        0.02700        0.00000
        0.02925        0.00000
        0.03150        0.00000
        0.03375        0.00000
        0.03600        0.00000
        0.03825        0.00000
        0.04050        0.00000
        0.04275        0.00000
        0.04500        0.00000
        0.04725        0.00000
        0.04950        0.00000
        0.05175        0.00000
        0.05400        0.00000
        0.05625        0.00000
        0.05850        0.00000
        0.06075        0.00000
        0.06300        0.00000
        0.06525        0.00000
        0.06750        0.00000
        0.06975        0.00000
        0.07200        0.00000
        0.07425        0.00000
        0.07650        0.00000
        0.07875        0.00000
        0.08100        0.00000
        0.08325        0.00000
        0.08550        0.00000
        0.08775        0.00000
        0.09000        0.00000
        0.09225        0.00000
        0.09450        0.00000
        0.09675        0.00000
        0.09900        0.00000
        0.10125        0.00000
        0.10350        0.00000
        0.10575        0.00000
        0.10800        0.00000
        0.11025        0.00000
        0.11250        0.00000
        0.11475        0.00000
        0.11700        0.00000
        0.11925        0.00000
        0.12150        0.00000
        0.12375        0.00000
        0.12600        0.00000
        0.12825        0.00000
        0.13050        0.00000
        0.13275        0.00000
        0.13500        0.00000
        0.13725        0.00000
        0.13950        0.00000
        0.14175        0.00000
        0.14400        0.00000
        0.14625        0.00000
        0.14850        0.00000
        0.15075        0.00000
        0.15300        0.00000
        0.15525        0.00000
        0.15750        0.00000
        0.15975        0.00000
        0.16200        0.00000
        0.16425        0.00000
        0.16650        0.00000
        0.16875        0.00000
        0.17100        0.00000
        0.17325        0.00000
        0.17550        0.00000
        0.17775        0.00000
        0.18000        0.00000
        0.18225        0.00000
        0.18450        0.00000
        0.18675        0.00000
        0.18900        0.00000
        0.19125        0.00000
        0.19350        0.00000
        0.19575        0.00000
        0.19800        0.00000
        0.20025        0.00000
        0.20250        0.00000
        0.20475        0.00000
        0.20700        0.00000
        0.20925        0.00000
        0.21150        0.00000
        0.21375        0.00000
        0.21600        0.00000
        0.21825        0.00000
        0.22050        0.00000
        0.22275        0.00000
        0.22500        0.00000
        0.22725        0.00000
        0.22950        0.00000
        0.23175        0.00000
        0.23400        0.00000
        0.23625        0.00000
        0.23850        0.00000
        0.24075        0.00000
        0.24300        0.00000
        0.24525        0.00000
        0.24750        0.00000
        0.24975        0.00000
        0.25200        0.00000
        0.25425        0.00000
        0.25650        0.00000
        0.25875        0.00000
        0.26100        0.00000
        0.26325        0.00000
        0.26550        0.00000
        0.26775        0.00000
        0.27000        0.00000
        0.27225        0.00000
        0.27450        0.00000
        0.27675        0.00000
        0.27900        0.00000
        0.28125        0.00000
        0.28350        0.00000
        0.28575        0.00000
        0.28800        0.00000
        0.29025        0.00000
        0.29250        0.00000
        0.29475        0.00000
        0.29700        0.00000
        0.29925        0.00000
        0.30150        0.00000
        0.30375        0.00000
        0.30600        0.00000
        0.30825        0.00000
        0.31050        0.00000
        0.31275        0.00000
        0.31500        0.00000
        0.31725        0.00000
        0.31950        0.00000
        0.32175        0.00000
        0.32400        0.00000
        0.32625        0.00000
        0.32850        0.00000
        0.33075        0.00000
        0.33300        0.00000
        0.33525        0.00000
        0.33750        0.00000
        0.33975        0.00000
        0.34200        0.00000
        0.34425        0.00000
        0.34650        0.00000
        0.34875        0.00000
        0.35100        0.00000
        0.35325        0.00000
        0.35550        0.00000
        0.35775        0.00000
        0.36000        0.00000
        0.36225        0.00000
        0.36450        0.00000
        0.36675        0.00000
        0.36900        0.00000
        0.37125        0.00000
        0.37350        0.00000
        0.37575        0.00000
        0.37800        0.00000
        0.38025        0.00000
        0.38250        0.00000
        0.38475        0.00000
        0.38700        0.00000
        0.38925        0.00000
        0.39150        0.00000
        0.39375        0.00000
        0.39600        0.00000
        0.39825        0.00000
        0.40050        0.00000
        0.40275        0.00000
        0.40500        0.00000
        0.40725        0.00000
        0.40950        0.00000
        0.41175        0.00000
        0.41400        0.00000
        0.41625        0.00000
        0.41850        0.00000
        0.42075        0.00000
        0.42300        0.00000
        0.42525        0.00000
        0.42750        0.00000
        0.42975        0.00000
        0.43200        0.00000
        0.43425        0.00000
        0.43650        0.00000
        0.43875        0.00000
        0.44100        0.00000
        0.44325        0.00000
        0.44550        0.00000
        0.44775        0.00000
        0.45000        0.00000
        0.45225        0.00000
        0.45450        0.00000
        0.45675        0.00000
        0.45900        0.00000
        0.46125        0.00000
        0.46350        0.00000
        0.46575        0.00000
        0.46800        0.00000
        0.47025        0.00000
        0.47250        0.00000
        0.47475        0.00000
        0.47700        0.00000
        0.47925        0.00000
        0.48150        0.00000
        0.48375        0.00000
        0.48600        0.00000
        0.48825        0.00000
        0.49050        0.00000
        0.49275        0.00000
        0.49500        0.00000
        0.49725        0.00000
        0.49950        0.00000
        0.50175        0.00000
        0.50400        0.00000
        0.50625        0.00000
        0.50850        0.00000
        0.51075        0.00000
        0.51300        0.00000
        0.51525        0.00000
        0.51750        0.00000
        0.51975        0.00000
        0.52200        0.00000
        0.52425        0.00000
        0.52650        0.00000
        0.52875        0.00000
        0.53100        0.00000
        0.53325        0.00000
        0.53550        0.00000
        0.53775        0.00000
        0.54000        0.00000
        0.54225        0.00000
        0.54450        0.00000
        0.54675        0.00000
        0.54900        0.00000
        0.55125        0.00000
        0.55350        0.00000
        0.55575        0.00000
        0.55800        0.00000
        0.56025        0.00000
        0.56250        0.00000
        0.56475        0.00000
        0.56700        0.00000
        0.56925        0.00000
        0.57150        0.00000
        0.57375        0.00000
        0.57600        0.00000
        0.57825        0.00000
        0.58050        0.00000
        0.58275        0.00000
        0.58500        0.00000
        0.58725        0.00000
        0.58950        0.00000
        0.59175        0.00000
        0.59400        0.00000
        0.59625        0.00000
        0.59850        0.00000
        0.60075        0.00000
        0.60300        0.00000
        0.60525        0.00000
        0.60750        0.00000
        0.60975        0.00000
        0.61200        0.00000
        0.61425        0.00000
        0.61650        0.00000
        0.61875        0.00000
        0.62100        0.00000
        0.62325        0.00000
        0.62550        0.00000
        0.62775        0.00000
        0.63000        0.00000
        0.63225        0.00000
        0.63450        0.00000
        0.63675        0.00000
        0.63900        0.00000
        0.64125        0.00000
        0.64350        0.00000
        0.64575        0.00000
        0.64800        0.00000
        0.65025        0.00000
        0.65250        0.00000
        0.65475        0.00000
        0.65700        0.00000
        0.65925        0.00000
        0.66150        0.00000
        0.66375        0.00000
        0.66600        0.00000
        0.66825        0.00000
        0.67050        0.00000
        0.67275        0.00000
        0.67500        0.00000
        0.67725        0.00000
        0.67950        0.00000
        0.68175        0.00000
        0.68400        0.00000
        0.68625        0.00000
        0.68850        0.00000
        0.69075        0.00000
        0.69300        0.00000
        0.69525        0.00000
        0.69750        0.00000
        0.69975        0.00000
        0.70200        0.00000
        0.70425        0.00000
        0.70650        0.00000
        0.70875        0.00000
        0.71100        0.00000
        0.71325        0.00000
        0.71550        0.00000
        0.71775        0.00000
        0.72000        0.00000
        0.72225        0.00000
        0.72450        0.00000
        0.72675        0.00000
        0.72900        0.00000
        0.73125        0.00000
        0.73350        0.00000
        0.73575        0.00000
        0.73800        0.00000
        0.74025        0.00000
        0.74250        0.00000
        0.74475        0.00000
        0.74700        0.00000
        0.74925        0.00000
        0.75150        0.00000
        0.75375        0.00000
        0.75600        0.00000
        0.75825        0.00000
        0.76050        0.00000
        0.76275        0.00000
        0.76500        0.00000
        0.76725        0.00000
        0.76950        0.00000
        0.77175        0.00000
        0.77400        0.00000
        0.77625        0.00000
        0.77850        0.00000
        0.78075        0.00000
        0.78300        0.00000
        0.78525        0.00000
        0.78750        0.00000
        0.78975        0.00000
        0.79200        0.00000
        0.79425        0.00000
        0.79650        0.00000
        0.79875        0.00000
        0.80100        0.00000
        0.80325        0.00000
        0.80550        0.00000
        0.80775        0.00000
        0.81000        0.00000
        0.81225        0.00000
        0.81450        0.00000
        0.81675        0.00000
        0.81900        0.00000
        0.82125        0.00000
        0.82350        0.00000
        0.82575        0.00000
        0.82800        0.00000
        0.83025        0.00000
        0.83250        0.00000
        0.83475        0.00000
        0.83700        0.00000
        0.83925        0.00000
        0.84150        0.00000
        0.84375        0.00000
        0.84600        0.00000
        0.84825        0.00000
        0.85050        0.00000
        0.85275        0.00000
        0.85500        0.00000
        0.85725        0.00000
        0.85950        0.00000
        0.86175        0.00000
        0.86400        0.00000
        0.86625        0.00000
        0.86850        0.00000
        0.87075        0.00000
        0.87300        0.00000
        0.87525        0.00000
        0.87750        0.00000
        0.87975        0.00000
        0.88200        0.00000
        0.88425        0.00297
        0.88650        0.00888
        0.88875        0.00294
        0.89100        0.00293
        0.89325        0.00291
        0.89550        0.00580
        0.89775        0.00289
        0.90000        0.01149
        0.90225        0.00571
        0.90450        0.01137
        0.90675        0.01414
        0.90900        0.03659
        0.91125        0.01961
        0.91350        0.02508
        0.91575        0.03883
        0.91800        0.03864
        0.92025        0.08239
        0.92250        0.05466
        0.92475        0.08431
        0.92700        0.07849
        0.92925        0.12659
        0.93150        0.11258
        0.93375        0.16272
        0.93600        0.22035
        0.93825        0.20872
        0.94050        0.29450
        0.94275        0.25907
        0.94500        0.36723
        0.94725        0.34216
        0.94950        0.33538
        0.95175        0.46218
        0.95400        0.47022
        0.95625        0.54686
        0.95850        0.50632
        0.96075        0.73073
        0.96300        0.61195
        0.96525        0.74391
        0.96750        0.74542
        0.96975        0.86068
        0.97200        0.97486
        0.97425        1.03408
        0.97650        1.03907
        0.97875        1.16541
        0.98100        1.29783
        0.98325        1.27506
        0.98550        1.39137
        0.98775        1.37074
        0.99000        1.57097
        0.99225        1.43157
        0.99450        1.62969
        0.99675        1.73705
        0.99900        1.80381
        1.00125        1.86764
        1.00350        1.91239
        1.00575        1.93833
        1.00800        2.08535
        1.01025        2.03277
        1.01250        2.15987
        1.01475        2.25421
        1.01700        2.30946
        1.01925        2.30375
        1.02150        2.35156
        1.02375        2.39894
        1.02600        2.47460
        1.02825        2.53857
        1.03050        2.60416
        1.03275        2.63425
        1.03500        2.61847
        1.03725        2.83195
        1.03950        2.81109
        1.04175        2.77753
        1.04400        2.72716
        1.04625        2.65383
        1.04850        2.73342
        1.05075        2.70277
        1.05300        2.68494
        1.05525        2.76749
        1.05750        2.81396
        1.05975        2.81238
        1.06200        2.82522
        1.06425        2.79275
        1.06650        2.82597
        1.06875        2.85481
        1.07100        2.86513
        1.07325        2.99447
        1.07550        2.81104
        1.07775        2.79732
        1.08000        2.86344
        1.08225        2.82176
        1.08450        2.92081
        1.08675        2.76299
        1.08900        2.82023
        1.09125        2.60353
        1.09350        2.69203
        1.09575        2.79140
        1.09800        2.73367
        1.10025        2.66486
        1.10250        2.78603
        1.10475        2.67369
        1.10700        2.61538
        1.10925        2.60478
        1.11150        2.57730
        1.11375        2.50690
        1.11600        2.53228
        1.11825        2.43655
        1.12050        2.41380
        1.12275        2.58496
        1.12500        2.41107
        1.12725        2.40512
        1.12950        2.53045
        1.13175        2.34063
        1.13400        2.28795
        1.13625        2.37077
        1.13850        2.21247
        1.14075        2.27346
        1.14300        2.23781
        1.14525        2.18824
        1.14750        2.27329
        1.14975        2.22921
        1.15200        2.15742
        1.15425        2.09315
        1.15650        2.05545
        1.15875        2.07173
        1.16100        2.03610
        1.16325        2.02995
        1.16550        2.02554
        1.16775        1.92735
        1.17000        1.94203
        1.17225        1.92781
        1.17450        1.88502
        1.17675        1.81400
        1.17900        1.79871
        1.18125        1.87354
        1.18350        1.68709
        1.18575        1.66746
        1.18800        1.76992
        1.19025        1.61383
        1.19250        1.69770
        1.19475        1.62125
        1.19700        1.61678
        1.19925        1.54604
        1.20150        1.52736
        1.20375        1.53450
        1.20600        1.57355
        1.20825        1.48963
        1.21050        1.54124
        1.21275        1.46753
        1.21500        1.45580
        1.21725        1.44728
        1.21950        1.46384
        1.22175        1.41794
        1.22400        1.50898
        1.22625        1.34414
        1.22850        1.46559
        1.23075        1.37425
        1.23300        1.31722
        1.23525        1.35815
        1.23750        1.17401
        1.23975        1.39825
        1.24200        1.26201
        1.24425        1.32055
        1.24650        1.26339
        1.24875        1.16786
        1.25100        1.29593
        1.25325        1.25426
        1.25550        1.21141
        1.25775        1.17620
        1.26000        1.12513
        1.26225        1.15761
        1.26450        1.13604
        1.26675        1.14650
        1.26900        1.08178
        1.27125        1.15567
        1.27350        1.11000
        1.27575        1.06894
        1.27800        1.10362
        1.28025        1.05008
        1.28250        1.04499
        1.28475        1.02724
        1.28700        1.04471
        1.28925        1.06066
        1.29150        0.95936
        1.29375        1.07831
        1.29600        0.96794
        1.29825        0.95217
        1.30050        0.96950
        1.30275        0.88941
        1.30500        0.97102
        1.30725        0.92005
        1.30950        0.95080
        1.31175        0.95295
        1.31400        0.90254
        1.31625        0.89408
        1.31850        0.89773
        1.32075        0.89467
        1.32300        0.88897
        1.32525        0.94025
        1.32750        0.92255
        1.32975        0.82341
        1.33200        0.80621
        1.33425        0.85706
        1.33650        0.80730
        1.33875        0.83314
        1.34100        0.78896
        1.34325        0.80952
        1.34550        0.79782
        1.34775        0.81437
        1.35000        0.83080
        1.35225        0.82931
        1.35450        0.82655
        1.35675        0.78212
        1.35900        0.80472
        1.36125        0.68909
        1.36350        0.76188
        1.36575        0.74815
        1.36800        0.75191
        1.37025        0.80518
        1.37250        0.76180
        1.37475        0.67809
        1.37700        0.77032
        1.37925        0.76414
        1.38150        0.68001
        1.38375        0.72274
        1.38600        0.76277
        1.38825        0.69996
        1.39050        0.70010
        1.39275        0.65468
        1.39500        0.71113
        1.39725        0.65881
        1.39950        0.69469
        1.40175        0.69838
        1.40400        0.68434
        1.40625        0.68921
        1.40850        0.64598
        1.41075        0.66613
        1.41300        0.64187
        1.41525        0.67699
        1.41750        0.65169
        1.41975        0.67617
        1.42200        0.65908
        1.42425        0.67076
        1.42650        0.66521
        1.42875        0.67793
        1.43100        0.68489
        1.43325        0.63745
        1.43550        0.59708
        1.43775        0.64809
        1.44000        0.69991
        1.44225        0.67536
        1.44450        0.68329
        1.44675        0.60561
        1.44900        0.61591
        1.45125        0.60186
        1.45350        0.63082
        1.45575        0.60802
        1.45800        0.58317
        1.46025        0.63809
        1.46250        0.61438
        1.46475        0.56913
        1.46700        0.58144
        1.46925        0.66478
        1.47150        0.63052
        1.47375        0.59433
        1.47600        0.58611
        1.47825        0.62158
        1.48050        0.59317
        1.48275        0.62099
        1.48500        0.60012
        1.48725        0.63406
        1.48950        0.59650
        1.49175        0.58112
        1.49400        0.63460
        1.49625        0.59944
        1.49850        0.60282
        1.50075        0.61444
        1.50300        0.61981
        1.50525        0.56048
        1.50750        0.58951
        1.50975        0.60816
        1.51200        0.65417
        1.51425        0.60962
        1.51650        0.62905
        1.51875        0.58484
        1.52100        0.61327
        1.52325        0.60745
        1.52550        0.60566
        1.52775        0.59790
        1.53000        0.60310
        1.53225        0.60232
        1.53450        0.66278
        1.53675        0.61061
        1.53900        0.63534
        1.54125        0.57768
        1.54350        0.58283
        1.54575        0.58211
        1.54800        0.57459
        1.55025        0.59132
        1.55250        0.64847
        1.55475        0.56865
        1.55700        0.59867
        1.55925        0.60173
        1.56150        0.60572
        1.56375        0.59542
        1.56600        0.63259
        1.56825        0.57309
        1.57050        0.57616
        1.57275        0.61213
        1.57500        0.60757
        1.57725        0.62360
        1.57950        0.60784
        1.58175        0.59682
        1.58400        0.63127
        1.58625        0.63873
        1.58850        0.62402
        1.59075        0.65074
        1.59300        0.67274
        1.59525        0.64251
        1.59750        0.62065
        1.59975        0.64253
        1.60200        0.62261
        1.60425        0.62267
        1.60650        0.63264
        1.60875        0.64166
        1.61100        0.64793
        1.61325        0.66221
        1.61550        0.62828
        1.61775        0.64165
        1.62000        0.63543
        1.62225        0.61423
        1.62450        0.62222
        1.62675        0.66005
        1.62900        0.66174
        1.63125        0.63107
        1.63350        0.66769
        1.63575        0.67020
        1.63800        0.67442
        1.64025        0.63800
        1.64250        0.65435
        1.64475        0.65858
        1.64700        0.71852
        1.64925        0.68236
        1.65150        0.70011
        1.65375        0.66079
        1.65600        0.66154
        1.65825        0.69189
        1.66050        0.68917
        1.66275        0.66880
        1.66500        0.67958
        1.66725        0.67189
        1.66950        0.69845
        1.67175        0.72819
        1.67400        0.69138
        1.67625        0.74912
        1.67850        0.69098
        1.68075        0.73441
        1.68300        0.71356
        1.68525        0.69610
        1.68750        0.74325
        1.68975        0.75268
        1.69200        0.70762
        1.69425        0.76894
        1.69650        0.74993
        1.69875        0.77454
        1.70100        0.69050
        1.70325        0.72877
        1.70550        0.81400
        1.70775        0.78315
        1.71000        0.72700
        1.71225        0.78142
        1.71450        0.78965
        1.71675        0.80495
        1.71900        0.75876
        1.72125        0.79682
        1.72350        0.78534
        1.72575        0.82625
        1.72800        0.80540
        1.73025        0.81263
        1.73250        0.86942
        1.73475        0.82929
        1.73700        0.84410
        1.73925        0.84730
        1.74150        0.82901
        1.74375        0.84829
        1.74600        0.84382
        1.74825        0.78762
        1.75050        0.80305
        1.75275        0.87518
        1.75500        0.86010
        1.75725        0.84585
        1.75950        0.84745
        1.76175        0.89774
        1.76400        0.89769
        1.76625        0.87304
        1.76850        0.90354
        1.77075        0.81965
        1.77300        0.88120
        1.77525        0.91513
        1.77750        0.91355
        1.77975        0.88334
        1.78200        0.94337
        1.78425        0.88766
        1.78650        0.93571
        1.78875        0.92100
        1.79100        0.91143
        1.79325        0.95399
        1.79550        0.91048
        1.79775        1.00032
        1.80000        0.98992
        1.80225        0.95952
        1.80450        0.98713
        1.80675        0.95475
        1.80900        0.97228
        1.81125        0.94930
        1.81350        1.02050
        1.81575        0.98129
        1.81800        1.03093
        1.82025        1.01294
        1.82250        1.03075
        1.82475        1.02961
        1.82700        1.05704
        1.82925        0.98910
        1.83150        0.94992
        1.83375        1.00638
        1.83600        1.04187
        1.83825        1.02624
        1.84050        1.04227
        1.84275        1.06918
        1.84500        1.03993
        1.84725        1.07011
        1.84950        1.06003
        1.85175        1.10901
        1.85400        1.09955
        1.85625        1.08406
        1.85850        1.07807
        1.86075        1.08957
        1.86300        1.07421
        1.86525        1.08232
        1.86750        1.10705
        1.86975        1.11171
        1.87200        1.04798
        1.87425        1.08453
        1.87650        1.09778
        1.87875        1.11360
        1.88100        1.05835
        1.88325        1.12730
        1.88550        1.07097
        1.88775        1.10431
        1.89000        1.13034
        1.89225        1.22249
        1.89450        1.07119
        1.89675        1.07188
        1.89900        1.09385
        1.90125        1.12601
        1.90350        1.12270
        1.90575        1.20203
        1.90800        1.15511
        1.91025        1.15111
        1.91250        1.18529
        1.91475        1.19266
        1.91700        1.23986
        1.91925        1.21422
        1.92150        1.22965
        1.92375        1.18089
        1.92600        1.16121
        1.92825        1.20917
        1.93050        1.16204
        1.93275        1.16619
        1.93500        1.17590
        1.93725        1.17193
        1.93950        1.13830
        1.94175        1.23559
        1.94400        1.23704
        1.94625        1.18936
        1.94850        1.20499
        1.95075        1.24561
        1.95300        1.24701
        1.95525        1.20825
        1.95750        1.17634
        1.95975        1.19362
        1.96200        1.22593
        1.96425        1.22614
        1.96650        1.25220
        1.96875        1.26794
        1.97100        1.20997
        1.97325        1.25560
        1.97550        1.25750
        1.97775        1.23324
        1.98000        1.25535
        1.98225        1.26671
        1.98450        1.22486
        1.98675        1.24330
        1.98900        1.25107
        1.99125        1.25705
        1.99350        1.25304
        1.99575        1.29985
        1.99800        1.22701
        2.00025        1.24344
        2.00250        1.19598
        2.00475        1.27895
        2.00700        1.28532
        2.00925        1.29339
        2.01150        1.22842
        2.01375        1.24575
        2.01600        1.25785
        2.01825        1.25676
        2.02050        1.26991
        2.02275        1.32052
        2.02500        1.28413
        2.02725        1.28750
        2.02950        1.20390
        2.03175        1.28124
        2.03400        1.28291
        2.03625        1.28063
        2.03850        1.28788
        2.04075        1.29454
        2.04300        1.23764
        2.04525        1.26327
        2.04750        1.25495
        2.04975        1.25330
        2.05200        1.29419
        2.05425        1.23955
        2.05650        1.19614
        2.05875        1.30547
        2.06100        1.23966
        2.06325        1.27192
        2.06550        1.26970
        2.06775        1.26476
        2.07000        1.28481
        2.07225        1.25440
        2.07450        1.28681
        2.07675        1.22955
        2.07900        1.23012
        2.08125        1.24626
        2.08350        1.26339
        2.08575        1.19598
        2.08800        1.26915
        2.09025        1.23608
        2.09250        1.24458
        2.09475        1.26470
        2.09700        1.25881
        2.09925        1.25242
        2.10150        1.24289
        2.10375        1.23130
        2.10600        1.22763
        2.10825        1.23495
        2.11050        1.24537
        2.11275        1.22709
        2.11500        1.18236
        2.11725        1.20683
        2.11950        1.18926
        2.12175        1.21257
        2.12400        1.19299
        2.12625        1.22185
        2.12850        1.18487
        2.13075        1.20849
        2.13300        1.19879
        2.13525        1.23401
        2.13750        1.15506
        2.13975        1.20089
        2.14200        1.24754
        2.14425        1.18219
        2.14650        1.21001
        2.14875        1.19740
        2.15100        1.19489
        2.15325        1.18287
        2.15550        1.16588
        2.15775        1.18643
        2.16000        1.15854
        2.16225        1.21980
        2.16450        1.19294
        2.16675        1.21326
        2.16900        1.17070
        2.17125        1.12140
        2.17350        1.18555
        2.17575        1.15214
        2.17800        1.14535
        2.18025        1.15718
        2.18250        1.15382
        2.18475        1.15485
        2.18700        1.14761
        2.18925        1.13895
        2.19150        1.15550
        2.19375        1.10770
        2.19600        1.09337
        2.19825        1.04926
        2.20050        1.13598
        2.20275        1.06607
        2.20500        1.12656
        2.20725        1.09276
        2.20950        1.08767
        2.21175        1.06502
        2.21400        1.11790
        2.21625        1.08864
        2.21850        1.10013
        2.22075        1.04320
        2.22300        1.08627
        2.22525        1.06482
        2.22750        1.06876
        2.22975        1.05678
        2.23200        1.09900
        2.23425        1.05626
        2.23650        1.07320
        2.23875        1.04737
        2.24100        1.03601
        2.24325        1.04410
        2.24550        1.06646
        2.24775        1.05051
        2.25000        1.02360
        2.25225        1.00964
        2.25450        1.05201
        2.25675        1.02480
        2.25900        1.02640
        2.26125        1.02254
        2.26350        1.02459
        2.26575        0.99945
        2.26800        1.02551
        2.27025        0.98782
        2.27250        1.00524
        2.27475        0.99920
        2.27700        1.00037
        2.27925        0.96437
        2.28150        0.98928
        2.28375        0.98688
        2.28600        0.96580
        2.28825        0.93503
        2.29050        0.95492
        2.29275        0.93800
        2.29500        0.93837
        2.29725        0.95769
        2.29950        0.98617
        2.30175        0.96185
        2.30400        0.92229
        2.30625        0.96072
        2.30850        0.93005
        2.31075        0.95829
        2.31300        0.91035
        2.31525        0.95067
        2.31750        0.91937
        2.31975        0.92623
        2.32200        0.93393
        2.32425        0.91533
        2.32650        0.90884
        2.32875        0.93539
        2.33100        0.93358
        2.33325        0.87026
        2.33550        0.95685
        2.33775        0.93586
        2.34000        0.89031
        2.34225        0.91700
        2.34450        0.91990
        2.34675        0.87548
        2.34900        0.88181
        2.35125        0.89064
        2.35350        0.91078
        2.35575        0.88934
        2.35800        0.88597
        2.36025        0.87886
        2.36250        0.89052
        2.36475        0.87510
        2.36700        0.87343
        2.36925        0.91031
        2.37150        0.87674
        2.37375        0.88457
        2.37600        0.90432
        2.37825        0.87013
        2.38050        0.87751
        2.38275        0.91969
        2.38500        0.85744
        2.38725        0.87664
        2.38950        0.83140
        2.39175        0.85301
        2.39400        0.87089
        2.39625        0.84738
        2.39850        0.87369
        2.40075        0.85995
        2.40300        0.86397
        2.40525        0.83582
        2.40750        0.87921
        2.40975        0.86074
        2.41200        0.85634
        2.41425        0.85195
        2.41650        0.82926
        2.41875        0.88178
        2.42100        0.86070
        2.42325        0.85791
        2.42550        0.89507
        2.42775        0.83500
        2.43000        0.82716
        2.43225        0.85708
        2.43450        0.85079
        2.43675        0.85862
        2.43900        0.85625
        2.44125        0.83321
        2.44350        0.83986
        2.44575        0.84803
        2.44800        0.83871
        2.45025        0.83950
        2.45250        0.86077
        2.45475        0.87077
        2.45700        0.82487
        2.45925        0.84029
        2.46150        0.82071
        2.46375        0.82151
        2.46600        0.85290
        2.46825        0.84562
        2.47050        0.83303
        2.47275        0.82505
        2.47500        0.85317
        2.47725        0.87587
        2.47950        0.82246
        2.48175        0.82059
        2.48400        0.83833
        2.48625        0.82552
        2.48850        0.83830
        2.49075        0.86453
        2.49300        0.84950
        2.49525        0.87262
        2.49750        0.84383
        2.49975        0.83561
        2.50200        0.86197
        2.50425        0.83780
        2.50650        0.83667
        2.50875        0.82334
        2.51100        0.87241
        2.51325        0.84728
        2.51550        0.87995
        2.51775        0.84279
        2.52000        0.86765
        2.52225        0.81711
        2.52450        0.86091
        2.52675        0.83752
        2.52900        0.86440
        2.53125        0.86395
        2.53350        0.83560
        2.53575        0.82869
        2.53800        0.82253
        2.54025        0.88703
        2.54250        0.86532
        2.54475        0.86127
        2.54700        0.87732
        2.54925        0.84284
        2.55150        0.84850
        2.55375        0.85450
        2.55600        0.87436
        2.55825        0.85149
        2.56050        0.87802
        2.56275        0.87967
        2.56500        0.84631
        2.56725        0.88824
        2.56950        0.86308
        2.57175        0.84469
        2.57400        0.88815
        2.57625        0.87678
        2.57850        0.84902
        2.58075        0.84754
        2.58300        0.88371
        2.58525        0.89888
        2.58750        0.85702
        2.58975        0.89021
        2.59200        0.87239
        2.59425        0.86362
        2.59650        0.88869
        2.59875        0.88784
        2.60100        0.88871
        2.60325        0.90674
        2.60550        0.87468
        2.60775        0.90019
        2.61000        0.91878
        2.61225        0.91754
        2.61450        0.88330
        2.61675        0.89401
        2.61900        0.92638
        2.62125        0.88417
        2.62350        0.91882
        2.62575        0.88384
        2.62800        0.90287
        2.63025        0.90705
        2.63250        0.90818
        2.63475        0.89423
        2.63700        0.94589
        2.63925        0.93359
        2.64150        0.91467
        2.64375        0.93707
        2.64600        0.93847
        2.64825        0.93721
        2.65050        0.92668
        2.65275        0.93006
        2.65500        0.90374
        2.65725        0.93317
        2.65950        0.92338
        2.66175        0.93823
        2.66400        0.93697
        2.66625        0.92754
        2.66850        0.94949
        2.67075        0.92931
        2.67300        0.93425
        2.67525        0.93853
        2.67750        0.95448
        2.67975        0.95028
        2.68200        0.95871
        2.68425        0.95000
        2.68650        0.94165
        2.68875        0.92881
        2.69100        0.94621
        2.69325        0.98182
        2.69550        0.96674
        2.69775        0.92710
        2.70000        0.96735
        2.70225        0.98230
        2.70450        0.98766
        2.70675        0.98031
        2.70900        0.99389
        2.71125        0.97263
        2.71350        0.98428
        2.71575        1.01356
        2.71800        0.98858
        2.72025        1.01963
        2.72250        0.98280
        2.72475        0.99058
        2.72700        0.98269
        2.72925        1.02947
        2.73150        1.01343
        2.73375        1.02359
        2.73600        0.98742
        2.73825        1.01651
        2.74050        1.01949
        2.74275        1.03265
        2.74500        1.01491
        2.74725        0.98397
        2.74950        1.00452
        2.75175        0.98997
        2.75400        1.01810
        2.75625        1.03818
        2.75850        1.01234
        2.76075        1.03480
        2.76300        1.02580
        2.76525        1.06367
        2.76750        1.03006
        2.76975        1.01474
        2.77200        1.02672
        2.77425        1.03744
        2.77650        1.03274
        2.77875        1.00848
        2.78100        1.00865
        2.78325        1.03885
        2.78550        1.07344
        2.78775        1.05046
        2.79000        1.03622
        2.79225        1.01606
        2.79450        1.07458
        2.79675        1.05412
        2.79900        1.02838
        2.80125        1.03740
        2.80350        1.07805
        2.80575        1.04766
        2.80800        1.04510
        2.81025        1.06375
        2.81250        1.02529
        2.81475        1.05771
        2.81700        1.07800
        2.81925        1.08740
        2.82150        1.04097
        2.82375        1.03698
        2.82600        1.02630
        2.82825        1.07351
        2.83050        1.07965
        2.83275        1.04924
        2.83500        1.07101
        2.83725        1.07307
        2.83950        1.07887
        2.84175        1.06363
        2.84400        1.07920
        2.84625        1.08208
        2.84850        1.07034
        2.85075        1.06436
        2.85300        1.05897
        2.85525        1.05787
        2.85750        1.08156
        2.85975        1.09265
        2.86200        1.08952
        2.86425        1.11871
        2.86650        1.08836
        2.86875        1.08750
        2.87100        1.03642
        2.87325        1.06551
        2.87550        1.08240
        2.87775        1.09588
        2.88000        1.10566
        2.88225        1.11626
        2.88450        1.08600
        2.88675        1.07287
        2.88900        1.10074
        2.89125        1.08762
        2.89350        1.09287
        2.89575        1.09894
        2.89800        1.08837
        2.90025        1.07645
        2.90250        1.11123
        2.90475        1.08966
        2.90700        1.12733
        2.90925        1.08657
        2.91150        1.08763
        2.91375        1.05609
        2.91600        1.11163
        2.91825        1.08834
        2.92050        1.10602
        2.92275        1.10677
        2.92500        1.07490
        2.92725        1.11124
        2.92950        1.07566
        2.93175        1.07942
        2.93400        1.09938
        2.93625        1.07126
        2.93850        1.08255
        2.94075        1.10698
        2.94300        1.06018
        2.94525        1.10226
        2.94750        1.09737
        2.94975        1.07591
        2.95200        1.08762
        2.95425        1.08649
        2.95650        1.13433
        2.95875        1.09940
        2.96100        1.10303
        2.96325        1.11195
        2.96550        1.06213
        2.96775        1.06448
        2.97000        1.12378
        2.97225        1.08733
        2.97450        1.08516
        2.97675        1.11292
        2.97900        1.10075
        2.98125        1.11846
        2.98350        1.08568
        2.98575        1.08665
        2.98800        1.09778
        2.99025        1.07688
        2.99250        1.11422
        2.99475        1.10295
        2.99700        1.03733
        2.99925        1.08852
        3.00150        1.05307
        3.00375        1.09764
        3.00600        1.09111
        3.00825        1.10078
        3.01050        1.07938
        3.01275        1.09340
        3.01500        1.10328
        3.01725        1.09167
        3.01950        1.06326
        3.02175        1.07441
        3.02400        1.08731
        3.02625        1.08493
        3.02850        1.06227
        3.03075        1.08095
        3.03300        1.07050
        3.03525        1.09744
        3.03750        1.06607
        3.03975        1.06827
        3.04200        1.09660
        3.04425        1.07365
        3.04650        1.08108
        3.04875        1.04921
        3.05100        1.08689
        3.05325        1.06608
        3.05550        1.06949
        3.05775        1.07862
        3.06000        1.04052
        3.06225        1.06354
        3.06450        1.02557
        3.06675        1.06982
        3.06900        1.07220
        3.07125        1.06817
        3.07350        1.06340
        3.07575        1.03357
        3.07800        1.03108
        3.08025        1.02467
        3.08250        1.05010
        3.08475        1.05468
        3.08700        1.05608
        3.08925        1.06112
        3.09150        1.08172
        3.09375        1.04515
        3.09600        1.02665
        3.09825        1.04479
        3.10050        1.04714
        3.10275        1.05770
        3.10500        1.03759
        3.10725        1.00429
        3.10950        1.04518
        3.11175        1.04895
        3.11400        1.02897
        3.11625        1.06293
        3.11850        1.04441
        3.12075        1.03789
        3.12300        1.05095
        3.12525        1.04538
        3.12750        1.04222
        3.12975        1.05425
        3.13200        1.05013
        3.13425        1.02755
        3.13650        1.01686
        3.13875        1.01233
        3.14100        0.99414
        3.14325        0.99060
        3.14550        1.04560
        3.14775        1.03167
        3.15000        1.01097
        3.15225        1.02451
        3.15450        1.04970
        3.15675        1.03886
        3.15900        1.01851
        3.16125        1.01519
        3.16350        1.05279
        3.16575        1.03853
        3.16800        1.01643
        3.17025        1.01823
        3.17250        1.00847
        3.17475        0.99943
        3.17700        1.01506
        3.17925        1.00971
        3.18150        0.99128
        3.18375        1.00571
        3.18600        1.02835
        3.18825        1.00562
        3.19050        0.98661
        3.19275        1.00028
        3.19500        0.99659
        3.19725        1.02636
        3.19950        0.99425
        3.20175        0.99830
        3.20400        0.99689
        3.20625        1.00613
        3.20850        0.99681
        3.21075        1.00263
        3.21300        0.97915
        3.21525        0.98093
        3.21750        0.95911
        3.21975        0.97325
        3.22200        0.99430
        3.22425        0.98620
        3.22650        0.97142
        3.22875        0.98055
        3.23100        0.98699
        3.23325        0.97916
        3.23550        0.99135
        3.23775        0.98554
        3.24000        0.97885
        3.24225        0.97749
        3.24450        0.96841
        3.24675        0.98802
        3.24900        0.96705
        3.25125        1.00487
        3.25350        1.00151
        3.25575        0.95514
        3.25800        0.97311
        3.26025        0.98992
        3.26250        0.97283
        3.26475        0.96843
        3.26700        0.96230
        3.26925        0.95684
        3.27150        0.97226
        3.27375        0.97288
        3.27600        0.96721
        3.27825        0.97151
        3.28050        0.94489
        3.28275        0.95762
        3.28500        0.95502
        3.28725        0.97438
        3.28950        0.96316
        3.29175        1.00756
        3.29400        0.95581
        3.29625        0.96200
        3.29850        0.96774
        3.30075        0.95041
        3.30300        0.95359
        3.30525        0.95528
        3.30750        0.97184
        3.30975        0.97306
        3.31200        0.93845
        3.31425        0.93527
        3.31650        0.97651
        3.31875        0.93759
        3.32100        0.93464
        3.32325        0.94474
        3.32550        0.94242
        3.32775        0.95311
        3.33000        0.96084
        3.33225        0.93630
        3.33450        0.95135
        3.33675        0.95383
        3.33900        0.96506
        3.34125        0.94876
        3.34350        0.95809
        3.34575        0.95494
        3.34800        0.95967
        3.35025        0.93310
        3.35250        0.92605
        3.35475        0.93184
        3.35700        0.94112
        3.35925        0.94892
        3.36150        0.94457
        3.36375        0.95852
        3.36600        0.94369
        3.36825        0.95206
        3.37050        0.93441
        3.37275        0.93930
        3.37500        0.95173
        3.37725        0.92212
        3.37950        0.94695
        3.38175        0.93044
        3.38400        0.95053
        3.38625        0.96042
        3.38850        0.91134
        3.39075        0.93057
        3.39300        0.91701
        3.39525        0.93920
        3.39750        0.95246
        3.39975        0.94436
        3.40200        0.93367
        3.40425        0.92300
        3.40650        0.91497
        3.40875        0.95099
        3.41100        0.92355
        3.41325        0.93691
        3.41550        0.93507
        3.41775        0.96968
        3.42000        0.94574
        3.42225        0.94171
        3.42450        0.92699
        3.42675        0.97767
        3.42900        0.93188
        3.43125        0.95338
        3.43350        0.94088
        3.43575        0.94694
        3.43800        0.92425
        3.44025        0.94446
        3.44250        0.94460
        3.44475        0.96336
        3.44700        0.94547
        3.44925        0.94013
        3.45150        0.91821
        3.45375        0.92832
        3.45600        0.93198
        3.45825        0.93193
        3.46050        0.95073
        3.46275        0.93456
        3.46500        0.93683
        3.46725        0.92633
        3.46950        0.93691
        3.47175        0.93551
        3.47400        0.92350
        3.47625        0.94367
        3.47850        0.94360
        3.48075        0.94507
        3.48300        0.95037
        3.48525        0.93919
        3.48750        0.93951
        3.48975        0.92053
        3.49200        0.93289
        3.49425        0.95036
        3.49650        0.95522
        3.49875        0.95456
        3.50100        0.99281
        3.50325        0.93032
        3.50550        0.97020
        3.50775        0.94287
        3.51000        0.96752
        3.51225        0.93668
        3.51450        0.96448
        3.51675        0.92620
        3.51900        0.95262
        3.52125        0.95178
        3.52350        0.95769
        3.52575        0.95310
        3.52800        0.96534
        3.53025        0.96877
        3.53250        0.93921
        3.53475        0.95216
        3.53700        0.95783
        3.53925        0.94491
        3.54150        0.95335
        3.54375        0.98289
        3.54600        0.95926
        3.54825        0.94604
        3.55050        0.97380
        3.55275        0.98529
        3.55500        0.99619
        3.55725        0.96405
        3.55950        0.96301
        3.56175        0.96931
        3.56400        0.96369
        3.56625        0.97601
        3.56850        0.98318
        3.57075        0.99088
        3.57300        0.99073
        3.57525        0.98111
        3.57750        0.97624
        3.57975        0.97139
        3.58200        0.97850
        3.58425        0.97836
        3.58650        0.98093
        3.58875        0.97501
        3.59100        0.98010
        3.59325        0.97239
        3.59550        0.97477
        3.59775        0.99601
        3.60000        0.98382
        3.60225        0.97309
        3.60450        0.97743
        3.60675        0.96798
        3.60900        0.95642
        3.61125        0.98733
        3.61350        0.97274
        3.61575        0.97278
        3.61800        0.98276
        3.62025        0.95492
        3.62250        0.98138
        3.62475        1.00672
        3.62700        0.99274
        3.62925        0.99610
        3.63150        0.99910
        3.63375        1.00456
        3.63600        0.99311
        3.63825        1.00805
        3.64050        1.02137
        3.64275        1.00468
        3.64500        0.99977
        3.64725        0.99748
        3.64950        0.97774
        3.65175        0.99363
        3.65400        0.99938
        3.65625        1.00911
        3.65850        1.01343
        3.66075        1.00854
        3.66300        1.00557
        3.66525        1.00416
        3.66750        1.00915
        3.66975        1.00930
        3.67200        0.99184
        3.67425        1.00028
        3.67650        1.02022
        3.67875        1.00969
        3.68100        1.01292
        3.68325        1.01288
        3.68550        1.01593
        3.68775        1.01913
        3.69000        1.00423
        3.69225        1.01068
        3.69450        1.01490
        3.69675        0.99614
        3.69900        1.00819
        3.70125        1.00356
        3.70350        1.00438
        3.70575        1.03145
        3.70800        0.99890
        3.71025        1.02455
        3.71250        0.98602
        3.71475        1.01634
        3.71700        1.02639
        3.71925        1.01657
        3.72150        1.02592
        3.72375        1.01210
        3.72600        1.02445
        3.72825        1.03158
        3.73050        1.00911
        3.73275        1.02025
        3.73500        1.03586
        3.73725        1.00614
        3.73950        0.98746
        3.74175        1.03329
        3.74400        1.04034
        3.74625        1.03561
        3.74850        1.02759
        3.75075        1.01561
        3.75300        1.04362
        3.75525        1.01730
        3.75750        1.03189
        3.75975        1.01783
        3.76200        1.02663
        3.76425        1.01539
        3.76650        1.01992
        3.76875        1.02722
        3.77100        1.01863
        3.77325        1.04682
        3.77550        1.03432
        3.77775        1.01581
        3.78000        1.02192
        3.78225        1.03713
        3.78450        1.05311
        3.78675        1.01618
        3.78900        1.02469
        3.79125        1.03464
        3.79350        1.01272
        3.79575        1.03203
        3.79800        1.01452
        3.80025        1.00349
        3.80250        1.05346
        3.80475        1.01719
        3.80700        1.03284
        3.80925        1.02232
        3.81150        1.02640
        3.81375        1.03062
        3.81600        1.04107
        3.81825        1.01862
        3.82050        1.02380
        3.82275        1.01511
        3.82500        1.01058
        3.82725        1.01622
        3.82950        1.04183
        3.83175        1.03474
        3.83400        1.04128
        3.83625        1.05808
        3.83850        1.03695
        3.84075        1.03889
        3.84300        1.01893
        3.84525        1.02513
        3.84750        1.03933
        3.84975        1.03294
        3.85200        1.01010
        3.85425        1.02254
        3.85650        1.04825
        3.85875        1.02391
        3.86100        1.04206
        3.86325        1.03835
        3.86550        1.05816
        3.86775        1.04651
        3.87000        1.03986
        3.87225        1.03664
        3.87450        1.04178
        3.87675        1.07818
        3.87900        1.06209
        3.88125        1.03986
        3.88350        1.01429
        3.88575        1.03237
        3.88800        1.04764
        3.89025        1.02799
        3.89250        1.04629
        3.89475        1.04125
        3.89700        1.01784
        3.89925        1.05109
        3.90150        1.03261
        3.90375        1.03890
        3.90600        0.99730
        3.90825        1.03910
        3.91050        1.04703
        3.91275        1.02106
        3.91500        1.04523
        3.91725        1.02675
        3.91950        1.05994
        3.92175        1.04753
        3.92400        1.01990
        3.92625        1.02174
        3.92850        1.03489
        3.93075        1.04831
        3.93300        1.01764
        3.93525        1.04847
        3.93750        1.04007
        3.93975        1.04832
        3.94200        1.01973
        3.94425        1.02724
        3.94650        1.02204
        3.94875        1.05011
        3.95100        1.02984
        3.95325        1.01900
        3.95550        1.01145
        3.95775        1.02529
        3.96000        1.03332
        3.96225        1.02356
        3.96450        1.05081
        3.96675        1.04444
        3.96900        1.00207
        3.97125        1.01878
        3.97350        1.02690
        3.97575        1.03810
        3.97800        1.02620
        3.98025        1.02563
        3.98250        1.02315
        3.98475        1.03107
        3.98700        1.03986
        3.98925        1.03343
        3.99150        1.02073
        3.99375        1.00791
        3.99600        1.01683
        3.99825        1.01729
        4.00050        1.01847
        4.00275        1.02255
        4.00500        1.05823
        4.00725        1.04415
        4.00950        1.01448
        4.01175        1.03184
        4.01400        1.02462
        4.01625        1.02116
        4.01850        1.03313
        4.02075        1.01744
        4.02300        1.01587
        4.02525        1.01646
        4.02750        0.99883
        4.02975        1.01820
        4.03200        1.01320
        4.03425        1.01407
        4.03650        1.01723
        4.03875        1.02736
        4.04100        1.02507
        4.04325        1.00302
        4.04550        0.99807
        4.04775        1.01257
        4.05000        1.01272
        4.05225        1.01967
        4.05450        1.03028
        4.05675        1.00667
        4.05900        1.01530
        4.06125        0.99951
        4.06350        1.03319
        4.06575        1.03754
        4.06800        1.00954
        4.07025        1.01362
        4.07250        1.01068
        4.07475        1.02161
        4.07700        0.99866
        4.07925        1.00314
        4.08150        1.01670
        4.08375        1.01488
        4.08600        1.02519
        4.08825        0.99637
        4.09050        0.99680
        4.09275        1.00890
        4.09500        0.99905
        4.09725        1.01721
        4.09950        1.01070
        4.10175        1.00116
        4.10400        1.00572
        4.10625        0.99165
        4.10850        1.00255
        4.11075        0.98824
        4.11300        1.01796
        4.11525        0.97963
        4.11750        0.99502
        4.11975        0.99955
        4.12200        0.99545
        4.12425        0.98301
        4.12650        0.99915
        4.12875        0.99902
        4.13100        1.03759
        4.13325        1.00270
        4.13550        1.00909
        4.13775        0.99930
        4.14000        0.99984
        4.14225        0.99252
        4.14450        1.00593
        4.14675        0.98982
        4.14900        1.00537
        4.15125        1.00711
        4.15350        0.99456
        4.15575        0.99214
        4.15800        0.98690
        4.16025        0.99792
        4.16250        0.99161
        4.16475        0.98652
        4.16700        0.99041
        4.16925        1.00379
        4.17150        0.99549
        4.17375        0.98560
        4.17600        1.00001
        4.17825        0.97123
        4.18050        0.97963
        4.18275        1.00915
        4.18500        0.97288
        4.18725        0.98483
        4.18950        0.97516
        4.19175        0.99688
        4.19400        0.99079
        4.19625        0.99646
        4.19850        0.97006
        4.20075        0.98919
        4.20300        1.00735
        4.20525        0.96458
        4.20750        0.97721
        4.20975        0.98837
        4.21200        0.98574
        4.21425        0.96125
        4.21650        0.98403
        4.21875        0.98782
        4.22100        0.98416
        4.22325        0.97554
        4.22550        0.97685
        4.22775        0.96683
        4.23000        0.96788
        4.23225        0.98464
        4.23450        1.00811
        4.23675        0.99331
        4.23900        0.96261
        4.24125        0.98668
        4.24350        0.99054
        4.24575        0.98923
        4.24800        0.97916
        4.25025        0.95817
        4.25250        0.97941
        4.25475        0.98505
        4.25700        0.99274
        4.25925        0.98041
        4.26150        0.97860
        4.26375        0.96951
        4.26600        0.99200
        4.26825        0.98240
        4.27050        0.98290
        4.27275        0.98581
        4.27500        0.96441
        4.27725        0.99162
        4.27950        0.98080
        4.28175        0.98383
        4.28400        0.96480
        4.28625        0.96569
        4.28850        0.95860
        4.29075        0.98312
        4.29300        0.96859
        4.29525        0.96253
        4.29750        0.99112
        4.29975        0.99939
        4.30200        0.96692
        4.30425        0.99002
        4.30650        0.96867
        4.30875        0.97041
        4.31100        0.98342
        4.31325        0.98577
        4.31550        0.95701
        4.31775        0.97311
        4.32000        0.96237
        4.32225        0.95452
        4.32450        0.95589
        4.32675        0.96285
        4.32900        0.95627
        4.33125        1.00040
        4.33350        0.96320
        4.33575        0.98088
        4.33800        0.96614
        4.34025        0.97119
        4.34250        0.96291
        4.34475        0.99395
        4.34700        0.96818
        4.34925        0.97628
        4.35150        0.97343
        4.35375        0.95941
        4.35600        0.97669
        4.35825        0.98266
        4.36050        0.98201
        4.36275        0.98613
        4.36500        0.97217
        4.36725        0.97776
        4.36950        0.99198
        4.37175        0.97307
        4.37400        0.97681
        4.37625        0.96585
        4.37850        0.98281
        4.38075        0.95368
        4.38300        0.97183
        4.38525        0.99902
        4.38750        0.97443
        4.38975        0.96136
        4.39200        0.98305
        4.39425        0.98903
        4.39650        0.98440
        4.39875        0.96116
        4.40100        0.97891
        4.40325        0.97815
        4.40550        0.96601
        4.40775        0.96885
        4.41000        0.98724
        4.41225        0.96628
        4.41450        0.98892
        4.41675        1.00234
        4.41900        0.98882
        4.42125        0.99317
        4.42350        0.96601
        4.42575        0.99744
        4.42800        0.98302
        4.43025        1.00134
        4.43250        0.98103
        4.43475        0.98512
        4.43700        0.96817
        4.43925        0.98513
        4.44150        0.98955
        4.44375        0.98714
        4.44600        0.99520
        4.44825        0.97727
        4.45050        0.97499
        4.45275        0.97330
        4.45500        0.98626
        4.45725        0.98070
        4.45950        0.99059
        4.46175        0.98819
        4.46400        0.99081
        4.46625        0.98048
        4.46850        0.98625
        4.47075        0.97886
        4.47300        0.97904
        4.47525        1.00244
        4.47750        0.98055
        4.47975        0.98351
        4.48200        0.99039
        4.48425        0.95759
        4.48650        0.97905
        4.48875        0.97483
        4.49100        0.94814
        4.49325        0.89846
        4.49550        0.81286
        4.49775        0.69696
        4.50000        0.00000
