        1.03122
        1.02682
        1.02384
        1.02240
        1.02244
        1.02373
        1.02595
        1.02880
        1.03197
        1.03526
        1.03856
        1.04186
        1.04516
        1.04846
        1.05164
        1.05453
        1.05694
        1.05868
        1.05961
        1.05961
        1.05863
        1.05665
        1.05380
        1.05036
        1.04680
        1.04374
        1.04175
        1.04119
        1.04210
        1.04422
        1.04716
        1.05057
        1.05435
        1.05855
        1.06334
        1.06882
        1.07494
        1.08152
        1.08825
        1.09473
        1.10049
        1.10506
        1.10803
        1.10913
        1.10841
        1.10620
        1.10308
        1.09971
        1.09660
        1.09404
        1.09209
        1.09062
        1.08937
        1.08812
        1.08678
        1.08535
        1.08391
        1.08250
        1.08112
        1.07990
        1.07917
        1.07930
        1.08052
        1.08270
        1.08549
        1.08856
        1.09176
        1.09512
        1.09870
        1.10254
        1.10649
        1.11026
        1.11343
        1.11553
        1.11607
        1.11468
        1.11118
        1.10564
        1.09844
        1.09023
        1.08182
        1.07402
        1.06739
        1.06218
        1.05848
        1.05631
        1.05573
        1.05675
        1.05934
        1.06326
        1.06800
        1.07282
        1.07698
        1.08000
        1.08172
        1.08230
        1.08203
        1.08123
        1.08019
        1.07909
        1.07805
        1.07716
        1.07645
        1.07591
        1.07548
        1.07504
        1.07443
        1.07349
        1.07211
        1.07033
        1.06834
        1.06636
        1.06458
        1.06313
        1.06205
        1.06140
        1.06121
        1.06155
        1.06242
        1.06377
        1.06540
        1.06710
        1.06866
        1.06997
        1.07105
        1.07199
        1.07285
        1.07362
        1.07424
        1.07462
        1.07476
        1.07480
        1.07500
        1.07565
        1.07691
        1.07872
        1.08078
        1.08259
        1.08370
        1.08382
        1.08293
        1.08127
        1.07916
        1.07696
        1.07502
        1.07369
        1.07327
        1.07392
        1.07560
        1.07805
        1.08089
        1.08377
        1.08639
        1.08850
        1.08989
        1.09031
        1.08961
        1.08772
        1.08477
        1.08102
        1.07685
        1.07274
        1.06916
        1.06647
        1.06481
        1.06404
        1.06388
        1.06396
        1.06405
        1.06402
        1.06388
        1.06367
        1.06347
        1.06330
        1.06317
        1.06310
        1.06314
        1.06320
        1.06303
        1.06223
        1.06038
        1.05732
        1.05318
        1.04833
        1.04329
        1.03850
        1.03432
        1.03097
        1.02862
        1.02737
        1.02722
        1.02808
        1.02980
        1.03221
        1.03521
        1.03874
        1.04286
        1.04768
        1.05327
        1.05943
        1.06559
        1.07097
        1.07489
        1.07705
        1.07764
        1.07725
        1.07659
        1.07625
        1.07652
        1.07735
        1.07846
        1.07952
        1.08022
        1.08025
        1.07935
        1.07730
        1.07410
        1.07006
        1.06570
        1.06162
        1.05822
        1.05552
        1.05328
        1.05124
        1.04924
        1.04734
        1.04567
        1.04443
        1.04386
        1.04419
        1.04560
        1.04800
        1.05102
        1.05411
        1.05683
        1.05893
        1.06040
        1.06140
        1.06216
        1.06293
        1.06394
        1.06539
        1.06749
        1.07053
        1.07480
        1.08047
        1.08747
        1.09545
        1.10383
        1.11190
        1.11896
        1.12435
        1.12748
        1.12791
        1.12537
        1.11984
        1.11163
        1.10140
        1.09008
        1.07879
        1.06867
        1.06060
        1.05517
        1.05258
        1.05265
        1.05493
        1.05877
        1.06346
        1.06838
        1.07303
        1.07705
        1.08021
        1.08236
        1.08348
        1.08364
        1.08307
        1.08212
        1.08124
        1.08097
        1.08177
        1.08384
        1.08711
        1.09114
        1.09536
        1.09925
        1.10242
        1.10472
        1.10614
        1.10677
        1.10678
        1.10637
        1.10577
        1.10515
        1.10449
        1.10362
        1.10225
        1.10017
        1.09732
        1.09378
        1.08971
        1.08526
        1.08054
        1.07566
        1.07082
        1.06627
        1.06230
        1.05911
        1.05676
        1.05514
        1.05406
        1.05323
        1.05246
        1.05169
        1.05105
        1.05077
        1.05102
        1.05189
        1.05338
        1.05541
        1.05788
        1.06058
        1.06329
        1.06583
        1.06814
        1.07030
        1.07252
        1.07497
        1.07778
        1.08099
        1.08462
        1.08869
        1.09313
        1.09788
        1.10280
        1.10775
        1.11267
        1.11750
        1.12214
        1.12635
        1.12975
        1.13197
        1.13279
        1.13228
        1.13074
        1.12858
        1.12607
        1.12325
        1.11986
        1.11555
        1.11000
        1.10309
        1.09508
        1.08652
        1.07821
        1.07102
        1.06577
        1.06313
        1.06349
        1.06684
        1.07278
        1.08061
        1.08952
        1.09869
        1.10747
        1.11538
        1.12218
        1.12776
        1.13216
        1.13542
        1.13763
        1.13880
        1.13886
        1.13767
        1.13507
        1.13096
        1.12542
        1.11869
        1.11122
        1.10354
        1.09616
        1.08949
        1.08384
        1.07944
        1.07645
        1.07493
        1.07471
        1.07544
        1.07663
        1.07778
        1.07856
        1.07882
        1.07864
        1.07823
        1.07783
        1.07755
        1.07726
        1.07674
        1.07576
        1.07422
        1.07222
        1.06990
        1.06742
        1.06480
        1.06199
        1.05894
        1.05569
        1.05238
        1.04915
        1.04612
        1.04336
        1.04088
        1.03876
        1.03727
        1.03681
        1.03777
        1.04038
        1.04456
        1.04998
        1.05616
        1.06262
        1.06888
        1.07451
        1.07905
        1.08214
        1.08360
        1.08351
        1.08218
        1.08013
        1.07787
        1.07574
        1.07387
        1.07222
        1.07066
        1.06903
        1.06731
        1.06559
        1.06406
        1.06298
        1.06254
        1.06283
        1.06366
        1.06466
        1.06534
        1.06532
        1.06448
        1.06301
        1.06139
        1.06018
        1.05986
        1.06066
        1.06250
        1.06506
        1.06788
        1.07053
        1.07275
        1.07451
        1.07593
        1.07719
        1.07845
        1.07971
        1.08088
        1.08177
        1.08222
        1.08216
        1.08160
        1.08067
        1.07959
        1.07870
        1.07842
        1.07918
        1.08121
        1.08438
        1.08821
        1.09196
        1.09498
        1.09690
        1.09780
        1.09805
        1.09815
        1.09849
        1.09924
        1.10032
        1.10146
        1.10243
        1.10318
        1.10374
        1.10407
        1.10393
        1.10303
        1.10124
        1.09855
        1.09489
        1.09013
        1.08413
        1.07695
        1.06892
        1.06063
        1.05283
        1.04625
        1.04149
        1.03892
        1.03861
        1.04044
        1.04406
        1.04906
        1.05508
        1.06181
        1.06907
        1.07672
        1.08455
        1.09216
        1.09894
        1.10425
        1.10758
        1.10877
        1.10804
        1.10589
        1.10294
        1.09981
        1.09691
        1.09439
        1.09210
        1.08976
        1.08716
        1.08423
        1.08106
        1.07787
        1.07494
        1.07252
        1.07087
        1.07024
        1.07075
        1.07235
        1.07465
        1.07708
        1.07908
        1.08033
        1.08076
        1.08052
        1.07981
        1.07862
        1.07676
        1.07420
        1.07121
        1.06840
        1.06640
        1.06553
        1.06561
        1.06623
        1.06698
        1.06759
        1.06793
        1.06806
        1.06815
        1.06844
        1.06920
        1.07059
        1.07261
        1.07509
        1.07770
        1.07999
        1.08157
        1.08213
        1.08159
        1.08002
        1.07768
        1.07489
        1.07202
        1.06941
        1.06745
        1.06656
        1.06718
        1.06971
        1.07437
        1.08098
        1.08892
        1.09728
        1.10509
        1.11171
        1.11692
        1.12085
        1.12379
        1.12602
        1.12767
        1.12875
        1.12908
        1.12843
        1.12656
        1.12345
        1.11933
        1.11469
        1.11019
        1.10641
        1.10365
        1.10182
        1.10075
        1.10040
        1.10084
        1.10206
        1.10378
        1.10546
        1.10652
        1.10646
        1.10504
        1.10226
        1.09829
        1.09336
        1.08767
        1.08138
        1.07473
        1.06814
        1.06223
        1.05774
        1.05518
        1.05470
        1.05619
        1.05942
        1.06422
        1.07040
        1.07768
        1.08559
        1.09343
        1.10040
        1.10569
        1.10869
        1.10910
        1.10699
        1.10281
        1.09728
        1.09130
        1.08573
        1.08106
        1.07736
        1.07434
        1.07168
        1.06926
        1.06724
        1.06598
        1.06588
        1.06713
        1.06964
        1.07298
        1.07659
        1.07998
        1.08287
        1.08523
        1.08719
        1.08889
        1.09040
        1.09172
        1.09285
        1.09383
        1.09471
        1.09548
        1.09596
        1.09594
        1.09522
        1.09377
        1.09166
        1.08904
        1.08598
        1.08255
        1.07885
        1.07505
        1.07142
        1.06823
        1.06564
        1.06369
        1.06227
        1.06123
        1.06044
        1.05988
        1.05963
        1.05982
        1.06047
        1.06154
        1.06292
        1.06443
        1.06590
        1.06716
        1.06808
        1.06857
        1.06855
        1.06796
        1.06675
        1.06500
        1.06288
        1.06069
        1.05873
        1.05722
        1.05631
        1.05603
        1.05641
        1.05746
        1.05919
        1.06157
        1.06447
        1.06769
        1.07098
        1.07413
        1.07697
        1.07941
        1.08146
        1.08313
        1.08447
        1.08551
        1.08624
        1.08670
        1.08687
        1.08673
        1.08627
        1.08555
        1.08477
        1.08426
        1.08444
        1.08564
        1.08801
        1.09144
        1.09555
        1.09985
        1.10379
        1.10693
        1.10898
        1.10989
        1.10983
        1.10922
        1.10863
        1.10869
        1.10989
        1.11232
        1.11562
        1.11901
        1.12155
        1.12242
        1.12119
        1.11779
        1.11258
        1.10608
        1.09881
        1.09118
        1.08345
        1.07585
        1.06867
        1.06225
        1.05693
        1.05298
        1.05055
        1.04969
        1.05033
        1.05233
        1.05555
        1.05980
        1.06490
        1.07058
        1.07642
        1.08197
        1.08680
        1.09058
        1.09306
        1.09417
        1.09402
        1.09295
        1.09142
        1.08989
        1.08872
        1.08814
        1.08821
        1.08888
        1.08999
        1.09135
        1.09282
        1.09435
        1.09593
        1.09750
        1.09886
        1.09970
        1.09976
        1.09902
        1.09774
        1.09633
        1.09523
        1.09472
        1.09491
        1.09571
        1.09690
        1.09830
        1.09980
        1.10135
        1.10294
        1.10449
        1.10591
        1.10716
        1.10821
        1.10912
        1.11000
        1.11097
        1.11213
        1.11351
        1.11505
        1.11660
        1.11792
        1.11877
        1.11895
        1.11840
        1.11718
        1.11548
        1.11356
        1.11174
        1.11020
        1.10895
        1.10781
        1.10658
        1.10519
        1.10379
        1.10269
        1.10219
        1.10245
        1.10343
        1.10486
        1.10633
        1.10748
        1.10805
        1.10803
        1.10756
        1.10683
        1.10591
        1.10474
        1.10315
        1.10089
        1.09776
        1.09371
        1.08888
        1.08353
        1.07800
        1.07267
        1.06794
        1.06436
        1.06250
        1.06279
        1.06520
        1.06923
        1.07403
        1.07875
        1.08280
        1.08587
        1.08791
        1.08902
        1.08946
        1.08956
        1.08968
        1.09005
        1.09077
        1.09178
        1.09294
        1.09404
        1.09491
        1.09548
        1.09571
        1.09559
        1.09500
        1.09384
        1.09206
        1.08973
        1.08715
        1.08476
        1.08292
        1.08187
        1.08160
        1.08195
        1.08272
        1.08377
        1.08508
        1.08670
        1.08861
        1.09067
        1.09254
        1.09376
        1.09395
        1.09299
        1.09118
        1.08928
        1.08823
        1.08886
        1.09147
        1.09574
        1.10091
        1.10604
        1.11029
        1.11311
        1.11430
        1.11402
        1.11271
        1.11094
        1.10921
        1.10780
        1.10660
        1.10519
        1.10300
        1.09950
        1.09438
        1.08769
        1.07982
        1.07146
        1.06348
        1.05673
        1.05196
        1.04964
        1.04991
        1.05257
        1.05715
        1.06304
        1.06958
        1.07619
        1.08232
        1.08742
        1.09096
        1.09252
        1.09191
        1.08928
        1.08511
        1.08012
        1.07512
        1.07078
        1.06756
        1.06562
        1.06485
        1.06495
        1.06563
        1.06660
        1.06771
        1.06893
        1.07037
        1.07220
        1.07461
        1.07766
        1.08123
        1.08500
        1.08857
        1.09150
        1.09341
        1.09409
        1.09356
        1.09205
        1.09001
        1.08793
        1.08623
        1.08511
        1.08452
        1.08416
        1.08361
        1.08251
        1.08070
        1.07824
        1.07541
        1.07266
        1.07049
        1.06929
        1.06915
        1.06988
        1.07100
        1.07191
        1.07217
        1.07155
        1.07010
        1.06806
        1.06572
        1.06331
        1.06107
        1.05917
        1.05779
        1.05709
        1.05716
        1.05793
        1.05928
        1.06106
        1.06322
        1.06574
        1.06858
        1.07153
        1.07418
        1.07600
        1.07648
        1.07525
        1.07224
        1.06769
        1.06221
        1.05661
        1.05172
        1.04823
        1.04659
        1.04692
        1.04908
        1.05274
        1.05757
        1.06326
        1.06958
        1.07637
        1.08349
        1.09078
        1.09803
        1.10496
        1.11121
        1.11637
        1.11999
        1.12163
        1.12098
        1.11797
        1.11288
        1.10630
        1.09903
        1.09184
        1.08538
        1.08011
        1.07633
        1.07417
        1.07352
        1.07414
        1.07562
        1.07749
        1.07929
        1.08066
        1.08146
        1.08172
        1.08156
        1.08114
        1.08060
        1.08013
        1.07991
        1.08015
        1.08100
        1.08244
        1.08425
        1.08606
        1.08744
        1.08801
        1.08757
        1.08611
        1.08387
        1.08118
        1.07835
        1.07558
        1.07300
        1.07069
        1.06872
        1.06716
        1.06601
        1.06522
        1.06479
        1.06474
        1.06516
        1.06608
        1.06744
        1.06906
        1.07078
        1.07256
        1.07459
        1.07728
        1.08105
        1.08601
        1.09185
        1.09793
        1.10346
        1.10776
        1.11037
        1.11113
        1.11021
        1.10799
        1.10492
        1.10147
        1.09800
        1.09478
        1.09200
        1.08973
        1.08790
        1.08630
        1.08465
        1.08270
        1.08030
        1.07745
        1.07433
        1.07125
        1.06852
        1.06647
        1.06526
        1.06495
        1.06541
        1.06637
        1.06744
        1.06818
        1.06820
        1.06720
        1.06510
        1.06196
        1.05800
        1.05355
        1.04895
        1.04459
        1.04097
        1.03869
        1.03838
        1.04050
        1.04508
        1.05169
        1.05959
        1.06802
        1.07635
        1.08410
        1.09087
        1.09624
        1.09991
        1.10169
        1.10165
        1.10002
        1.09712
        1.09325
        1.08876
        1.08405
        1.07965
        1.07610
        1.07381
        1.07297
        1.07346
        1.07496
        1.07700
        1.07916
        1.08106
        1.08243
        1.08305
        1.08281
        1.08177
        1.08024
        1.07871
        1.07770
        1.07758
        1.07846
        1.08010
        1.08204
        1.08387
        1.08539
        1.08666
        1.08783
        1.08881
        1.08923
        1.08874
        1.08717
        1.08461
        1.08128
        1.07741
        1.07321
        1.06883
        1.06445
        1.06035
        1.05689
        1.05447
        1.05345
        1.05399
        1.05605
        1.05929
        1.06320
        1.06719
        1.07071
        1.07344
        1.07528
        1.07629
        1.07662
        1.07633
        1.07539
        1.07371
        1.07121
        1.06787
        1.06380
        1.05933
        1.05499
        1.05145
        1.04927
        1.04871
        1.04972
        1.05209
        1.05566
        1.06033
        1.06607
        1.07273
        1.07999
        1.08733
        1.09416
        1.09990
        1.10417
        1.10685
        1.10804
        1.10798
        1.10689
        1.10493
        1.10227
        1.09918
        1.09613
        1.09366
        1.09207
        1.09137
        1.09127
        1.09137
        1.09126
        1.09059
        1.08922
        1.08714
        1.08445
        1.08124
        1.07750
        1.07321
        1.06837
        1.06310
        1.05767
        1.05254
        1.04823
        1.04525
        1.04406
        1.04489
        1.04775
        1.05233
        1.05813
        1.06456
        1.07105
        1.07715
        1.08256
        1.08706
        1.09049
        1.09271
        1.09353
        1.09284
        1.09056
        1.08677
        1.08169
        1.07573
        1.06954
        1.06385
        1.05938
        1.05646
        1.05494
        1.05432
        1.05402
        1.05362
        1.05293
        1.05209
        1.05145
        1.05151
        1.05264
        1.05488
        1.05789
        1.06105
        1.06378
        1.06570
        1.06670
        1.06693
        1.06671
        1.06640
        1.06629
        1.06649
        1.06693
        1.06742
        1.06779
        1.06794
        1.06787
        1.06765
        1.06743
        1.06740
        1.06782
        1.06889
        1.07078
        1.07351
        1.07695
        1.08078
        1.08465
        1.08826
        1.09146
        1.09428
        1.09689
        1.09956
        1.10252
        1.10585
        1.10942
        1.11291
        1.11594
        1.11825
        1.11972
        1.12044
        1.12057
        1.12028
        1.11971
        1.11892
        1.11792
        1.11661
        1.11479
        1.11223
        1.10882
        1.10463
        1.09996
        1.09521
        1.09083
        1.08724
        1.08487
        1.08409
        1.08508
        1.08760
        1.09095
        1.09416
        1.09634
        1.09691
        1.09570
        1.09290
        1.08889
        1.08419
        1.07939
        1.07504
        1.07157
        1.06913
        1.06758
        1.06666
        1.06616
        1.06600
        1.06622
        1.06692
        1.06817
        1.06999
        1.07232
        1.07503
        1.07790
        1.08068
        1.08312
        1.08507
        1.08652
        1.08751
        1.08799
        1.08772
        1.08640
        1.08383
        1.08004
        1.07529
        1.07004
        1.06485
        1.06031
        1.05689
        1.05487
        1.05434
        1.05527
        1.05762
        1.06131
        1.06621
        1.07202
        1.07835
        1.08464
        1.09031
        1.09489
        1.09807
        1.09977
        1.10013
        1.09939
        1.09779
        1.09547
        1.09254
        1.08914
        1.08545
        1.08168
        1.07806
        1.07491
        1.07256
        1.07134
        1.07148
        1.07291
        1.07524
        1.07789
        1.08021
        1.08171
        1.08208
        1.08125
        1.07937
        1.07683
        1.07418
        1.07196
        1.07052
        1.06996
        1.07010
        1.07067
        1.07149
        1.07251
        1.07376
        1.07526
        1.07695
        1.07874
        1.08048
        1.08204
        1.08331
        1.08424
        1.08483
        1.08510
        1.08514
        1.08510
        1.08517
        1.08557
        1.08638
        1.08750
        1.08860
        1.08927
        1.08914
        1.08801
        1.08582
        1.08265
        1.07873
        1.07438
        1.07008
        1.06637
        1.06371
        1.06231
        1.06208
        1.06265
        1.06356
        1.06438
        1.06490
        1.06515
        1.06538
        1.06592
        1.06701
        1.06869
        1.07075
        1.07284
        1.07454
        1.07553
        1.07568
        1.07505
        1.07396
        1.07281
        1.07202
        1.07188
        1.07259
        1.07420
        1.07666
        1.07971
        1.08296
        1.08598
        1.08845
        1.09023
        1.09134
        1.09195
        1.09230
        1.09262
        1.09305
        1.09359
        1.09402
        1.09407
        1.09344
        1.09201
        1.08988
        1.08729
        1.08453
        1.08188
        1.07964
        1.07813
        1.07765
        1.07848
        1.08067
        1.08408
        1.08832
        1.09287
        1.09717
        1.10075
        1.10330
        1.10465
        1.10484
        1.10404
        1.10258
        1.10083
        1.09921
        1.09810
        1.09786
        1.09864
        1.10017
        1.10173
        1.10246
        1.10167
        1.09913
        1.09498
        1.08975
        1.08417
        1.07907
        1.07520
        1.07305
        1.07272
        1.07388
        1.07587
        1.07795
        1.07949
        1.08016
        1.08003
        1.07948
        1.07905
        1.07926
        1.08046
        1.08281
        1.08629
        1.09065
        1.09546
        1.10007
        1.10373
        1.10571
        1.10545
        1.10276
        1.09795
        1.09167
        1.08476
        1.07792
        1.07162
        1.06609
        1.06155
        1.05823
        1.05648
        1.05663
        1.05897
        1.06362
        1.07049
        1.07923
        1.08920
        1.09952
        1.10918
        1.11717
        1.12264
        1.12508
        1.12440
        1.12095
        1.11548
        1.10890
        1.10220
        1.09625
        1.09172
        1.08887
        1.08761
        1.08745
        1.08767
        1.08763
        1.08686
        1.08527
        1.08307
        1.08067
        1.07858
        1.07714
        1.07642
        1.07622
        1.07616
        1.07594
        1.07542
        1.07469
        1.07402
        1.07379
        1.07426
        1.07544
        1.07700
        1.07836
        1.07896
        1.07846
        1.07688
        1.07456
        1.07214
        1.07027
        1.06950
        1.07012
        1.07224
        1.07581
        1.08063
        1.08631
        1.09221
        1.09755
        1.10157
        1.10369
        1.10357
        1.10121
        1.09685
        1.09097
        1.08416
        1.07704
        1.07008
        1.06360
        1.05765
        1.05213
        1.04681
        1.04142
        1.03573
        1.02965
        1.02331
        1.01709
        1.01154
        1.00730
        1.00491
        1.00475
        1.00698
        1.01150
        1.01799
        1.02597
        1.03482
        1.04384
        1.05232
        1.05959
        1.06513
        1.06863
        1.07005
        1.06958
        1.06772
        1.06519
        1.06296
        1.06193
        1.06260
        1.06486
        1.06817
        1.07191
        1.07563
        1.07913
        1.08234
        1.08522
        1.08774
        1.08987
        1.09166
        1.09326
        1.09489
        1.09675
        1.09891
        1.10119
        1.10316
        1.10423
        1.10381
        1.10148
        1.09708
        1.09079
        1.08309
        1.07468
        1.06639
        1.05907
        1.05338
        1.04974
        1.04819
        1.04845
        1.05004
        1.05245
        1.05521
        1.05800
        1.06061
        1.06301
        1.06528
        1.06769
        1.07062
        1.07446
        1.07940
        1.08526
        1.09142
        1.09702
        1.10123
        1.10345
        1.10348
        1.10156
        1.09831
        1.09457
        1.09120
        1.08887
        1.08796
        1.08849
        1.09030
        1.09308
        1.09648
        1.10012
        1.10360
        1.10654
        1.10865
        1.10976
        1.10984
        1.10893
        1.10696
        1.10382
        1.09938
        1.09367
        1.08698
        1.07991
        1.07321
        1.06758
        1.06347
        1.06103
        1.06016
        1.06058
        1.06193
        1.06388
        1.06615
        1.06856
        1.07098
        1.07334
        1.07550
        1.07731
        1.07864
        1.07943
        1.07984
        1.08016
        1.08077
        1.08195
        1.08382
        1.08630
        1.08918
        1.09217
        1.09497
        1.09735
        1.09915
        1.10030
        1.10069
        1.10021
        1.09870
        1.09608
        1.09238
        1.08777
        1.08254
        1.07709
        1.07185
        1.06718
        1.06339
        1.06068
        1.05918
        1.05892
        1.05984
        1.06183
        1.06475
        1.06838
        1.07243
        1.07650
        1.08015
        1.08297
        1.08468
        1.08519
        1.08460
        1.08310
        1.08092
        1.07831
        1.07557
        1.07307
        1.07122
        1.07031
        1.07040
        1.07122
        1.07230
        1.07314
        1.07337
        1.07292
        1.07203
        1.07120
        1.07093
        1.07161
        1.07335
        1.07606
        1.07951
        1.08341
        1.08736
        1.09092
        1.09364
        1.09524
        1.09570
        1.09533
        1.09461
        1.09401
        1.09380
        1.09390
        1.09394
        1.09337
        1.09168
        1.08853
        1.08389
        1.07799
        1.07129
        1.06432
        1.05766
        1.05186
        1.04732
        1.04411
        1.04198
        1.04043
        1.03904
        1.03761
        1.03625
        1.03522
        1.03484
        1.03534
        1.03678
        1.03911
        1.04228
        1.04627
        1.05104
        1.05651
        1.06246
        1.06869
        1.07499
        1.08119
        1.08705
        1.09229
        1.09653
        1.09943
        1.10076
        1.10047
        1.09877
        1.09611
        1.09298
        1.08968
        1.08627
        1.08258
        1.07848
        1.07400
        1.06942
        1.06512
        1.06149
        1.05880
        1.05716
        1.05659
        1.05700
        1.05836
        1.06065
        1.06389
        1.06809
        1.07313
        1.07867
        1.08419
        1.08906
        1.09273
        1.09488
        1.09542
        1.09451
        1.09245
        1.08965
        1.08650
        1.08340
        1.08058
        1.07819
        1.07626
        1.07476
        1.07370
        1.07322
        1.07354
        1.07487
        1.07733
        1.08081
        1.08494
        1.08914
        1.09270
        1.09500
        1.09569
        1.09469
        1.09217
        1.08838
        1.08370
        1.07853
        1.07329
        1.06832
        1.06383
        1.05999
        1.05702
        1.05525
        1.05503
        1.05652
        1.05955
        1.06358
        1.06785
        1.07164
        1.07438
        1.07584
        1.07609
        1.07549
        1.07463
        1.07421
        1.07489
        1.07716
        1.08123
        1.08704
        1.09421
        1.10213
        1.10994
        1.11676
        1.12177
        1.12443
        1.12444
        1.12181
        1.11681
        1.10993
        1.10182
        1.09318
        1.08470
        1.07698
        1.07045
        1.06528
        1.06148
        1.05888
        1.05731
        1.05664
        1.05678
        1.05771
        1.05935
        1.06153
        1.06397
        1.06635
        1.06833
        1.06970
        1.07036
        1.07030
        1.06961
        1.06838
        1.06673
        1.06470
        1.06230
        1.05940
        1.05587
        1.05158
        1.04658
        1.04111
        1.03559
        1.03060
        1.02673
        1.02455
        1.02454
        1.02690
        1.03155
        1.03803
        1.04568
        1.05369
        1.06129
        1.06785
        1.07300
        1.07661
        1.07876
        1.07968
        1.07967
        1.07904
        1.07813
        1.07730
        1.07685
        1.07702
        1.07788
        1.07936
        1.08127
        1.08338
        1.08550
        1.08748
        1.08924
        1.09075
        1.09197
        1.09287
        1.09343
        1.09368
        1.09370
        1.09365
        1.09373
        1.09410
        1.09487
        1.09611
        1.09783
        1.09992
        1.10221
        1.10441
        1.10622
        1.10743
        1.10790
        1.10762
        1.10666
        1.10511
        1.10310
        1.10072
        1.09802
        1.09504
        1.09188
        1.08865
        1.08552
        1.08263
        1.08015
        1.07821
        1.07698
        1.07671
        1.07763
        1.07988
        1.08330
        1.08738
        1.09140
        1.09474
        1.09705
        1.09824
        1.09841
        1.09768
        1.09617
        1.09406
        1.09160
        1.08917
        1.08715
        1.08585
        1.08549
        1.08613
        1.08768
        1.08986
        1.09225
        1.09441
        1.09591
        1.09644
        1.09588
        1.09429
        1.09195
        1.08927
        1.08671
        1.08469
        1.08345
        1.08304
        1.08328
        1.08391
        1.08478
        1.08595
        1.08764
        1.08995
        1.09269
        1.09541
        1.09755
        1.09858
        1.09823
        1.09647
        1.09360
        1.09017
        1.08687
        1.08437
        1.08315
        1.08340
        1.08501
        1.08770
        1.09109
        1.09496
        1.09919
        1.10375
        1.10848
        1.11303
        1.11696
        1.11977
        1.12109
        1.12069
        1.11854
        1.11482
        1.10991
        1.10436
        1.09880
        1.09383
        1.08996
        1.08757
        1.08694
        1.08814
        1.09108
        1.09550
        1.10107
        1.10750
        1.11447
        1.12160
        1.12839
        1.13425
        1.13859
        1.14101
        1.14139
        1.13995
        1.13715
        1.13341
        1.12884
        1.12338
        1.11713
        1.11046
        1.10397
        1.09822
        1.09355
        1.08997
        1.08729
        1.08526
        1.08370
        1.08257
        1.08197
        1.08204
        1.08294
        1.08476
        1.08756
        1.09132
        1.09602
        1.10155
        1.10769
        1.11405
        1.12012
        1.12539
        1.12947
        1.13221
        1.13367
        1.13406
        1.13363
        1.13264
        1.13129
        1.12967
        1.12773
        1.12529
        1.12216
        1.11821
        1.11350
        1.10824
        1.10278
        1.09752
        1.09294
        1.08947
        1.08747
        1.08710
        1.08827
        1.09068
        1.09390
        1.09753
        1.10135
        1.10516
        1.10873
        1.11172
        1.11379
        1.11465
        1.11415
        1.11229
        1.10915
        1.10493
        1.09984
        1.09414
        1.08808
        1.08185
        1.07553
        1.06920
        1.06307
        1.05751
        1.05300
        1.04993
        1.04844
        1.04848
        1.04988
        1.05237
        1.05553
        1.05889
        1.06195
        1.06431
        1.06584
        1.06665
        1.06698
        1.06704
        1.06689
        1.06652
        1.06594
        1.06531
        1.06487
        1.06488
        1.06552
        1.06677
        1.06846
        1.07033
        1.07213
        1.07371
        1.07505
        1.07613
        1.07687
        1.07707
        1.07655
        1.07528
        1.07343
        1.07135
        1.06953
        1.06846
        1.06850
        1.06969
        1.07181
        1.07447
        1.07734
        1.08024
        1.08326
        1.08666
        1.09072
        1.09559
        1.10117
        1.10705
        1.11258
        1.11699
        1.11958
        1.11984
        1.11752
        1.11267
        1.10568
        1.09733
        1.08874
        1.08126
        1.07616
        1.07431
        1.07586
        1.08026
        1.08651
        1.09351
        1.10040
        1.10669
        1.11218
        1.11684
        1.12062
        1.12337
        1.12497
        1.12535
        1.12452
        1.12250
        1.11930
        1.11491
        1.10941
        1.10305
        1.09622
        1.08941
        1.08308
        1.07753
        1.07285
        1.06889
        1.06536
        1.06198
        1.05858
        1.05519
        1.05201
        1.04931
        1.04732
        1.04612
        1.04573
        1.04607
        1.04707
        1.04865
        1.05073
        1.05325
        1.05619
        1.05946
        1.06293
        1.06636
        1.06953
        1.07231
        1.07478
        1.07713
        1.07960
        1.08232
        1.08525
        1.08821
        1.09098
        1.09337
        1.09527
        1.09666
        1.09760
        1.09816
        1.09838
        1.09829
        1.09791
        1.09734
        1.09681
        1.09655
        1.09677
        1.09754
        1.09882
        1.10050
        1.10237
        1.10417
        1.10552
        1.10600
        1.10526
        1.10318
        1.09993
        1.09600
        1.09193
        1.08817
        1.08491
        1.08206
        1.07938
        1.07659
        1.07345
        1.06983
        1.06573
        1.06126
        1.05668
        1.05237
        1.04883
        1.04655
        1.04597
        1.04727
        1.05036
        1.05487
        1.06028
        1.06608
        1.07192
        1.07759
        1.08301
        1.08814
        1.09287
        1.09698
        1.10020
        1.10232
        1.10326
        1.10317
        1.10228
        1.10087
        1.09917
        1.09732
        1.09545
        1.09366
        1.09207
        1.09078
        1.08981
        1.08917
        1.08876
        1.08849
        1.08837
        1.08857
        1.08940
        1.09112
        1.09370
        1.09683
        1.10000
        1.10268
        1.10446
        1.10504
        1.10432
        1.10238
        1.09944
        1.09573
        1.09145
        1.08673
        1.08174
        1.07665
        1.07175
        1.06733
        1.06366
        1.06095
        1.05936
        1.05901
        1.05995
        1.06214
        1.06548
        1.06988
        1.07523
        1.08137
        1.08794
        1.09445
        1.10026
        1.10475
        1.10740
        1.10796
        1.10642
        1.10302
        1.09811
        1.09212
        1.08550
        1.07865
        1.07196
        1.06572
        1.06011
        1.05526
        1.05133
        1.04858
        1.04734
        1.04796
        1.05061
        1.05520
        1.06135
        1.06859
        1.07637
        1.08413
        1.09128
        1.09727
        1.10166
        1.10428
        1.10518
        1.10471
        1.10342
        1.10193
        1.10086
        1.10058
        1.10111
        1.10215
        1.10319
        1.10369
        1.10320
        1.10150
        1.09859
        1.09473
        1.09027
        1.08562
        1.08110
        1.07688
        1.07299
        1.06943
        1.06626
        1.06370
        1.06207
        1.06170
        1.06272
        1.06504
        1.06844
        1.07268
        1.07759
        1.08302
        1.08885
        1.09486
        1.10071
        1.10597
        1.11011
        1.11270
        1.11344
        1.11225
        1.10921
        1.10458
        1.09878
        1.09239
        1.08613
        1.08075
        1.07681
        1.07463
        1.07422
        1.07532
        1.07744
        1.07989
        1.08196
        1.08305
        1.08280
        1.08117
        1.07844
        1.07509
        1.07175
        1.06900
        1.06724
        1.06663
        1.06723
        1.06899
        1.07188
        1.07571
        1.08018
        1.08475
        1.08878
        1.09166
        1.09295
        1.09260
        1.09086
        1.08819
        1.08509
        1.08202
        1.07939
        1.07749
        1.07644
        1.07615
        1.07626
        1.07626
        1.07566
        1.07421
        1.07203
        1.06953
        1.06724
        1.06560
        1.06483
        1.06501
        1.06615
        1.06817
        1.07091
        1.07416
        1.07767
        1.08115
        1.08425
        1.08661
        1.08793
        1.08803
        1.08693
        1.08478
        1.08186
        1.07841
        1.07466
        1.07077
        1.06685
        1.06301
        1.05945
        1.05641
        1.05419
        1.05306
        1.05319
        1.05457
        1.05697
        1.05989
        1.06272
        1.06484
        1.06586
        1.06563
        1.06437
        1.06259
        1.06106
        1.06058
        1.06164
        1.06417
        1.06757
        1.07104
        1.07390
        1.07575
        1.07656
        1.07654
        1.07605
        1.07542
        1.07483
        1.07426
        1.07349
        1.07231
        1.07062
        1.06858
        1.06650
        1.06468
        1.06327
        1.06225
        1.06154
        1.06097
        1.06041
        1.05976
        1.05901
        1.05829
        1.05774
        1.05743
        1.05725
        1.05701
        1.05657
        1.05594
        1.05524
        1.05468
        1.05448
        1.05477
        1.05554
        1.05668
        1.05800
        1.05933
        1.06054
        1.06161
        1.06262
        1.06378
        1.06535
        1.06753
        1.07042
        1.07394
        1.07782
        1.08160
        1.08479
        1.08689
        1.08747
        1.08631
        1.08340
        1.07901
        1.07365
        1.06794
        1.06254
        1.05809
        1.05509
        1.05394
        1.05486
        1.05787
        1.06280
        1.06937
        1.07718
        1.08568
        1.09420
        1.10197
        1.10830
        1.11272
        1.11505
        1.11544
        1.11425
        1.11198
        1.10908
        1.10586
        1.10244
        1.09881
        1.09490
        1.09069
        1.08626
        1.08183
        1.07770
        1.07415
        1.07132
        1.06920
        1.06764
        1.06643
        1.06539
        1.06443
        1.06350
        1.06260
        1.06171
        1.06077
        1.05965
        1.05829
        1.05663
        1.05466
        1.05239
        1.04981
        1.04695
        1.04387
        1.04074
        1.03779
        1.03528
        1.03347
        1.03251
        1.03249
        1.03336
        1.03500
        1.03727
        1.04007
        1.04331
        1.04690
        1.05066
        1.05436
        1.05780
        1.06089
        1.06382
        1.06691
        1.07057
        1.07504
        1.08030
        1.08599
        1.09156
        1.09640
        1.10002
        1.10210
        1.10246
        1.10094
        1.09746
        1.09211
        1.08524
        1.07756
        1.06997
        1.06344
        1.05877
        1.05650
        1.05690
        1.05994
        1.06526
        1.07219
        1.07997
        1.08782
        1.09518
        1.10170
        1.10728
        1.11195
        1.11581
        1.11896
        1.12136
        1.12287
        1.12329
        1.12249
        1.12048
        1.11747
        1.11381
        1.10990
        1.10606
        1.10247
        1.09916
        1.09603
        1.09294
        1.08974
        1.08637
        1.08289
        1.07945
        1.07630
        1.07367
        1.07167
        1.07029
        1.06950
        1.06930
        1.06976
        1.07088
        1.07248
        1.07405
        1.07496
        1.07459
        1.07263
        1.06911
        1.06442
        1.05918
        1.05410
        1.04982
        1.04681
        1.04532
        1.04530
        1.04643
        1.04817
        1.04986
        1.05099
        1.05132
        1.05097
        1.05038
        1.05010
        1.05065
        1.05230
        1.05502
        1.05855
        1.06254
        1.06679
        1.07127
        1.07609
        1.08125
        1.08647
        1.09123
        1.09493
        1.09707
        1.09749
        1.09627
        1.09375
        1.09037
        1.08654
        1.08251
        1.07840
        1.07423
        1.07010
        1.06619
        1.06271
        1.05985
        1.05772
        1.05635
        1.05582
        1.05623
        1.05774
        1.06045
        1.06442
        1.06951
        1.07531
        1.08113
        1.08611
        1.08947
        1.09080
        1.09009
        1.08776
        1.08449
        1.08102
        1.07786
        1.07524
        1.07311
        1.07124
        1.06938
        1.06736
        1.06511
        1.06277
        1.06061
        1.05894
        1.05800
        1.05783
        1.05836
        1.05942
        1.06082
        1.06234
        1.06385
        1.06520
        1.06626
        1.06685
        1.06682
        1.06613
        1.06498
        1.06369
        1.06262
        1.06211
        1.06242
        1.06379
        1.06622
        1.06951
        1.07328
        1.07706
        1.08045
        1.08318
        1.08516
        1.08641
        1.08701
        1.08698
        1.08629
        1.08488
        1.08277
        1.08016
        1.07755
        1.07558
        1.07480
        1.07545
        1.07734
        1.07990
        1.08243
        1.08424
        1.08480
        1.08386
        1.08145
        1.07791
        1.07379
        1.06970
        1.06615
        1.06339
        1.06142
        1.06002
        1.05888
        1.05770
        1.05626
        1.05449
        1.05249
        1.05047
        1.04867
        1.04732
        1.04655
        1.04646
        1.04715
        1.04864
        1.05087
        1.05354
        1.05623
        1.05844
        1.05979
        1.06017
        1.05987
        1.05948
        1.05967
        1.06084
        1.06300
        1.06585
        1.06895
        1.07196
        1.07477
        1.07749
        1.08028
        1.08318
        1.08596
        1.08812
        1.08902
        1.08814
        1.08537
        1.08106
        1.07599
        1.07092
        1.06642
        1.06266
        1.05944
        1.05638
        1.05308
        1.04943
        1.04567
        1.04238
        1.04011
        1.03907
        1.03913
        1.04008
        1.04182
        1.04432
        1.04744
        1.05096
        1.05466
        1.05836
        1.06192
        1.06524
        1.06819
        1.07063
        1.07243
        1.07347
        1.07378
        1.07354
        1.07303
        1.07247
        1.07185
        1.07104
        1.06987
        1.06834
        1.06663
        1.06501
        1.06371
        1.06289
        1.06256
        1.06275
        1.06345
        1.06465
        1.06626
        1.06812
        1.07001
        1.07175
        1.07317
        1.07408
        1.07427
        1.07360
        1.07209
        1.06992
        1.06738
        1.06477
        1.06235
        1.06033
        1.05883
        1.05793
        1.05762
        1.05776
        1.05820
        1.05883
        1.05955
        1.06036
        1.06132
        1.06248
        1.06383
        1.06527
        1.06666
        1.06781
        1.06860
        1.06894
        1.06880
        1.06818
        1.06714
        1.06573
        1.06402
        1.06209
        1.06001
        1.05791
        1.05599
        1.05456
        1.05395
        1.05443
        1.05603
        1.05854
        1.06154
        1.06464
        1.06754
        1.07012
        1.07235
        1.07411
        1.07518
        1.07525
        1.07405
        1.07151
        1.06781
        1.06346
        1.05907
        1.05521
        1.05230
        1.05056
        1.05009
        1.05090
        1.05292
        1.05596
        1.05976
        1.06401
        1.06848
        1.07296
        1.07725
        1.08117
        1.08452
        1.08712
        1.08886
        1.08966
        1.08959
        1.08883
        1.08760
        1.08621
        1.08491
        1.08390
        1.08319
        1.08264
        1.08204
        1.08128
        1.08043
        1.07975
        1.07958
        1.08015
        1.08142
        1.08314
        1.08493
        1.08638
        1.08711
        1.08688
        1.08555
        1.08319
        1.07997
        1.07616
        1.07209
        1.06807
        1.06445
        1.06146
        1.05921
        1.05760
        1.05642
        1.05537
        1.05420
        1.05274
        1.05098
        1.04908
        1.04741
        1.04643
        1.04658
        1.04805
        1.05065
        1.05379
        1.05677
        1.05909
        1.06064
        1.06167
        1.06258
        1.06373
        1.06535
        1.06747
        1.06996
        1.07270
        1.07570
        1.07902
        1.08273
        1.08671
        1.09068
        1.09427
        1.09707
        1.09872
        1.09901
        1.09787
        1.09541
        1.09186
        1.08761
        1.08316
        1.07910
        1.07595
        1.07405
        1.07352
        1.07421
        1.07583
        1.07799
        1.08035
        1.08271
        1.08505
        1.08753
        1.09028
        1.09319
        1.09577
        1.09723
        1.09682
        1.09404
        1.08882
        1.08162
        1.07335
        1.06519
        1.05839
        1.05398
        1.05270
        1.05483
        1.06015
        1.06794
        1.07714
        1.08654
        1.09496
        1.10145
        1.10543
        1.10675
        1.10560
        1.10242
        1.09774
        1.09210
        1.08596
        1.07963
        1.07334
        1.06727
        1.06160
        1.05660
        1.05264
        1.05013
        1.04947
        1.05095
        1.05458
        1.06008
        1.06684
        1.07412
        1.08120
        1.08759
        1.09314
        1.09797
        1.10235
        1.10627
        1.10938
        1.11118
        1.11140
        1.11014
        1.10781
        1.10498
        1.10212
        1.09961
        1.09755
        1.09586
        1.09425
        1.09238
        1.08996
        1.08688
        1.08323
        1.07928
        1.07536
        1.07177
        1.06875
        1.06646
        1.06492
        1.06401
        1.06346
        1.06297
        1.06229
        1.06133
        1.06013
        1.05888
        1.05779
        1.05707
        1.05689
        1.05736
        1.05861
        1.06072
        1.06375
        1.06771
        1.07257
        1.07820
        1.08444
        1.09099
        1.09752
        1.10365
        1.10899
        1.11327
        1.11628
        1.11793
        1.11822
        1.11723
        1.11514
        1.11223
        1.10887
        1.10544
        1.10223
        1.09943
        1.09706
        1.09488
        1.09244
        1.08912
        1.08435
        1.07790
        1.07001
        1.06146
        1.05331
        1.04665
        1.04222
        1.04040
        1.04122
        1.04446
        1.04970
        1.05641
        1.06402
        1.07206
        1.08015
        1.08793
        1.09503
        1.10095
        1.10523
        1.10751
        1.10763
        1.10568
        1.10203
        1.09725
        1.09195
        1.08671
        1.08200
        1.07822
        1.07567
        1.07454
        1.07488
        1.07659
        1.07941
        1.08285
        1.08631
        1.08920
        1.09111
        1.09195
        1.09191
        1.09137
        1.09074
        1.09026
        1.08999
        1.08976
        1.08933
        1.08841
        1.08679
        1.08441
        1.08134
        1.07778
        1.07400
        1.07024
        1.06671
        1.06362
        1.06123
        1.05986
        1.05978
        1.06114
        1.06383
        1.06742
        1.07132
        1.07493
        1.07786
        1.07998
        1.08139
        1.08232
        1.08299
        1.08348
        1.08380
        1.08389
        1.08377
        1.08355
        1.08334
        1.08328
        1.08349
        1.08413
        1.08529
        1.08692
        1.08880
        1.09062
        1.09206
        1.09292
        1.09314
        1.09283
        1.09218
        1.09143
        1.09077
        1.09022
        1.08966
        1.08890
        1.08781
        1.08645
        1.08503
        1.08386
        1.08309
        1.08267
        1.08233
        1.08178
        1.08084
        1.07952
        1.07794
        1.07635
        1.07495
        1.07394
        1.07346
        1.07371
        1.07486
        1.07701
        1.08002
        1.08346
        1.08665
        1.08889
        1.08966
        1.08874
        1.08618
        1.08228
        1.07745
        1.07222
        1.06711
        1.06259
        1.05896
        1.05629
        1.05449
        1.05348
        1.05326
        1.05389
        1.05537
        1.05763
        1.06046
        1.06359
        1.06670
        1.06955
        1.07198
        1.07393
        1.07543
        1.07657
        1.07751
        1.07841
        1.07939
        1.08048
        1.08166
        1.08288
        1.08403
        1.08494
        1.08540
        1.08517
        1.08409
        1.08205
        1.07914
        1.07560
        1.07189
        1.06850
        1.06586
        1.06412
        1.06322
        1.06295
        1.06310
        1.06348
        1.06389
        1.06421
        1.06448
        1.06493
        1.06587
        1.06755
        1.07008
        1.07336
        1.07709
        1.08090
        1.08438
        1.08716
        1.08896
        1.08961
        1.08914
        1.08779
        1.08602
        1.08440
        1.08340
        1.08330
        1.08409
        1.08558
        1.08753
        1.08973
        1.09209
        1.09457
        1.09717
        1.09983
        1.10242
        1.10468
        1.10624
        1.10679
        1.10621
        1.10475
        1.10295
        1.10142
        1.10054
        1.10018
        1.09987
        1.09898
        1.09705
        1.09389
        1.08966
        1.08474
        1.07960
        1.07465
        1.07012
        1.06611
        1.06272
        1.06009
        1.05829
        1.05728
        1.05689
        1.05690
        1.05711
        1.05745
        1.05790
        1.05848
        1.05906
        1.05941
        1.05911
        1.05783
        1.05535
        1.05179
        1.04745
        1.04280
        1.03826
        1.03431
        1.03140
        1.03003
        1.03054
        1.03306
        1.03744
        1.04328
        1.04995
        1.05664
        1.06247
        1.06661
        1.06853
        1.06803
        1.06534
        1.06105
        1.05595
        1.05097
        1.04698
        1.04468
        1.04442
        1.04617
        1.04958
        1.05410
        1.05913
        1.06416
        1.06874
        1.07265
        1.07586
        1.07846
        1.08064
        1.08254
        1.08415
        1.08531
        1.08569
        1.08499
        1.08302
        1.07985
        1.07581
        1.07148
        1.06750
        1.06443
        1.06258
        1.06193
        1.06213
        1.06273
        1.06332
        1.06366
        1.06378
        1.06384
        1.06407
        1.06467
        1.06577
        1.06734
        1.06920
        1.07105
        1.07253
        1.07342
        1.07367
        1.07342
        1.07290
        1.07233
        1.07192
        1.07182
        1.07216
        1.07300
        1.07437
        1.07627
        1.07874
        1.08183
        1.08556
        1.08991
        1.09471
        1.09961
        1.10418
        1.10797
        1.11061
        1.11195
        1.11199
        1.11088
        1.10879
        1.10595
        1.10261
        1.09914
        1.09597
        1.09356
        1.09216
        1.09180
        1.09216
        1.09277
        1.09314
        1.09302
        1.09246
        1.09181
        1.09152
        1.09194
        1.09310
        1.09469
        1.09609
        1.09666
        1.09596
        1.09391
        1.09076
        1.08702
        1.08323
        1.07987
        1.07718
        1.07529
        1.07418
        1.07380
        1.07406
        1.07485
        1.07600
        1.07736
        1.07885
        1.08048
        1.08236
        1.08457
        1.08712
        1.08992
        1.09281
        1.09565
        1.09831
        1.10073
        1.10281
        1.10451
        1.10581
        1.10675
        1.10741
        1.10786
        1.10817
        1.10822
        1.10779
        1.10663
        1.10460
        1.10180
        1.09848
        1.09498
        1.09158
        1.08850
        1.08591
        1.08395
        1.08268
        1.08207
        1.08197
        1.08224
        1.08282
        1.08370
        1.08482
        1.08599
        1.08693
        1.08732
        1.08694
        1.08566
        1.08353
        1.08073
        1.07749
        1.07404
        1.07058
        1.06724
        1.06422
        1.06176
        1.06023
        1.05995
        1.06110
        1.06362
        1.06725
        1.07165
        1.07646
        1.08133
        1.08605
        1.09050
        1.09461
        1.09833
        1.10152
        1.10402
        1.10573
        1.10664
        1.10685
        1.10646
        1.10550
        1.10398
        1.10188
        1.09923
        1.09614
        1.09277
        1.08929
        1.08586
        1.08253
        1.07931
        1.07612
        1.07292
        1.06977
        1.06680
        1.06419
        1.06212
        1.06052
        1.05908
        1.05728
        1.05476
        1.05156
        1.04813
        1.04512
        1.04308
        1.04227
        1.04263
        1.04385
        1.04545
        1.04701
        1.04827
        1.04917
        1.04975
        1.05015
        1.05048
        1.05089
        1.05151
        1.05247
        1.05391
        1.05586
        1.05829
        1.06108
        1.06417
        1.06757
        1.07137
        1.07562
        1.08034
        1.08549
        1.09096
        1.09661
        1.10222
        1.10752
        1.11223
        1.11602
        1.11855
        1.11954
        1.11886
        1.11658
        1.11296
        1.10835
        1.10311
        1.09752
        1.09175
        1.08589
        1.08004
        1.07433
        1.06901
        1.06439
        1.06082
        1.05857
        1.05789
        1.05890
        1.06167
        1.06615
        1.07211
        1.07910
        1.08645
        1.09342
        1.09935
        1.10381
        1.10675
        1.10844
        1.10933
        1.10961
        1.10904
        1.10708
        1.10322
        1.09721
        1.08925
        1.07993
        1.07016
        1.06089
        1.05295
        1.04693
        1.04306
        1.04134
        1.04152
        1.04320
        1.04586
        1.04900
        1.05221
        1.05522
        1.05792
        1.06033
        1.06258
        1.06483
        1.06722
        1.06981
        1.07259
        1.07545
        1.07826
        1.08088
        1.08318
        1.08511
        1.08673
        1.08802
        1.08886
        1.08897
        1.08798
        1.08552
        1.08145
        1.07587
        1.06923
        1.06224
        1.05574
        1.05048
        1.04694
        1.04524
        1.04520
        1.04647
        1.04870
        1.05168
        1.05533
        1.05951
        1.06379
        1.06759
        1.07043
        1.07211
        1.07280
        1.07290
        1.07297
        1.07354
        1.07497
        1.07730
        1.08031
        1.08354
        1.08650
        1.08881
        1.09016
        1.09029
        1.08901
        1.08625
        1.08226
        1.07758
        1.07298
        1.06923
        1.06689
        1.06623
        1.06716
        1.06928
        1.07196
        1.07454
        1.07645
        1.07732
        1.07708
        1.07586
        1.07399
        1.07186
        1.06984
        1.06821
        1.06707
        1.06639
        1.06605
        1.06597
        1.06611
        1.06654
        1.06736
        1.06861
        1.07025
        1.07209
        1.07387
        1.07535
        1.07638
        1.07694
        1.07713
        1.07716
        1.07727
        1.07767
        1.07846
        1.07966
        1.08116
        1.08274
        1.08412
        1.08501
        1.08518
        1.08459
        1.08345
        1.08216
        1.08124
        1.08112
        1.08192
        1.08342
        1.08511
        1.08638
        1.08673
        1.08588
        1.08380
        1.08068
        1.07687
        1.07283
        1.06899
        1.06570
        1.06324
        1.06178
        1.06134
        1.06168
        1.06232
        1.06274
        1.06246
        1.06108
        1.05839
        1.05440
        1.04948
        1.04425
        1.03948
        1.03581
        1.03360
        1.03278
        1.03297
        1.03373
        1.03477
        1.03615
        1.03821
        1.04147
        1.04633
        1.05294
        1.06115
        1.07053
        1.08046
        1.09018
        1.09890
        1.10580
        1.11028
        1.11199
        1.11094
        1.10748
        1.10223
        1.09598
        1.08964
        1.08414
        1.08031
        1.07879
        1.07995
        1.08378
        1.08988
        1.09756
        1.10591
        1.11398
        1.12095
        1.12622
        1.12947
        1.13061
        1.12962
        1.12652
        1.12137
        1.11435
        1.10584
        1.09644
        1.08692
        1.07805
        1.07051
        1.06470
        1.06071
        1.05839
        1.05738
        1.05736
        1.05820
        1.05995
        1.06281
        1.06689
        1.07209
        1.07804
        1.08414
        1.08974
        1.09423
        1.09723
        1.09866
        1.09886
        1.09844
        1.09813
        1.09847
        1.09970
        1.10172
        1.10417
        1.10653
        1.10823
        1.10877
        1.10789
        1.10554
        1.10189
        1.09723
        1.09189
        1.08620
        1.08047
        1.07488
        1.06952
        1.06436
        1.05934
        1.05449
        1.04994
        1.04590
        1.04263
        1.04044
        1.03964
        1.04044
        1.04290
        1.04685
        1.05187
        1.05739
        1.06279
        1.06755
        1.07130
        1.07389
        1.07536
        1.07586
        1.07562
        1.07486
        1.07375
        1.07242
        1.07094
        1.06932
        1.06763
        1.06606
        1.06496
        1.06475
        1.06571
        1.06784
        1.07095
        1.07481
        1.07924
        1.08392
        1.08839
        1.09217
        1.09499
        1.09699
        1.09850
        1.09989
        1.10131
        1.10273
        1.10393
        1.10469
        1.10481
        1.10412
        1.10257
        1.10022
        1.09723
        1.09384
        1.09029
        1.08680
        1.08354
        1.08072
        1.07858
        1.07735
        1.07715
        1.07792
        1.07942
        1.08127
        1.08305
        1.08445
        1.08531
        1.08560
        1.08546
        1.08508
        1.08471
        1.08451
        1.08451
        1.08459
        1.08453
        1.08414
        1.08331
        1.08207
        1.08048
        1.07862
        1.07659
        1.07453
        1.07265
        1.07121
        1.07041
        1.07040
        1.07125
        1.07298
        1.07553
        1.07873
        1.08225
        1.08568
        1.08857
        1.09058
        1.09146
        1.09110
        1.08948
        1.08667
        1.08277
        1.07804
        1.07287
        1.06780
        1.06341
        1.06011
        1.05796
        1.05665
        1.05573
        1.05496
        1.05438
        1.05432
        1.05520
        1.05731
        1.06058
        1.06457
        1.06866
        1.07229
        1.07503
        1.07669
        1.07730
        1.07710
        1.07642
        1.07564
        1.07505
        1.07483
        1.07502
        1.07550
        1.07608
        1.07650
        1.07660
        1.07643
        1.07623
        1.07630
        1.07687
        1.07804
        1.07978
        1.08197
        1.08440
        1.08674
        1.08866
        1.08976
        1.08976
        1.08859
        1.08643
        1.08366
        1.08076
        1.07811
        1.07596
        1.07445
        1.07368
        1.07387
        1.07519
        1.07762
        1.08078
        1.08397
        1.08643
        1.08760
        1.08722
        1.08538
        1.08232
        1.07840
        1.07402
        1.06960
        1.06564
        1.06258
        1.06086
        1.06084
        1.06280
        1.06683
        1.07259
        1.07937
        1.08631
        1.09268
        1.09786
        1.10132
        1.10265
        1.10167
        1.09860
        1.09396
        1.08863
        1.08363
        1.07998
