    -4946.44154
    -4941.62706
    -4938.76961
    -4937.89464
    -4938.79523
    -4941.11720
    -4944.44691
    -4948.38075
    -4952.58731
    -4956.85850
    -4961.11980
    -4965.38120
    -4969.64774
    -4973.84279
    -4977.78552
    -4981.22797
    -4983.91573
    -4985.63211
    -4986.21128
    -4985.53889
    -4983.56582
    -4980.35754
    -4976.16958
    -4971.50376
    -4967.07909
    -4963.68506
    -4961.95391
    -4962.15644
    -4964.13572
    -4967.43313
    -4971.54496
    -4976.16464
    -4981.27228
    -4987.04056
    -4993.65089
    -5001.14671
    -5009.38144
    -5018.03107
    -5026.62892
    -5034.60638
    -5041.34342
    -5046.24564
    -5048.86427
    -5049.04298
    -5047.02456
    -5043.43200
    -5039.09355
    -5034.78914
    -5031.05403
    -5028.10827
    -5027.26111
    -5025.52531
    -5023.92957
    -5022.24996
    -5020.43436
    -5018.55494
    -5016.68696
    -5014.85211
    -5013.12010
    -5011.77521
    -5011.31213
    -5012.16295
    -5014.38772
    -5017.64743
    -5021.46670
    -5025.51889
    -5029.72983
    -5034.19217
    -5038.98860
    -5044.04481
    -5049.07702
    -5053.61899
    -5057.08261
    -5058.83481
    -5058.30505
    -5055.11410
    -5049.18667
    -5040.81665
    -5030.67394
    -5019.73219
    -5009.07746
    -4999.62409
    -4991.90529
    -4986.10938
    -4982.28469
    -4980.48168
    -4980.75616
    -4983.10917
    -4987.38038
    -4993.09452
    -4999.41196
    -5005.33097
    -5010.02645
    -5013.08149
    -5014.50916
    -5014.62116
    -5013.84811
    -5012.58973
    -5011.14252
    -5009.70436
    -5009.74173
    -5008.68945
    -5007.86861
    -5007.23186
    -5006.66755
    -5005.99471
    -5004.98632
    -5003.45210
    -5001.34821
    -4998.82638
    -4996.17255
    -4993.67739
    -4991.54012
    -4989.86235
    -4988.70113
    -4988.11694
    -4988.18074
    -4988.94059
    -4990.36580
    -4992.29992
    -4994.47001
    -4996.57381
    -4998.40053
    -4999.90142
    -5001.15842
    -5002.28059
    -5003.30735
    -5004.17904
    -5004.78564
    -5005.06438
    -5005.09955
    -5005.16034
    -5005.62594
    -5006.81357
    -5008.79821
    -5011.32678
    -5013.86746
    -5015.78069
    -5016.55369
    -5015.99081
    -5014.24806
    -5011.70799
    -5008.82255
    -5006.04377
    -5003.82877
    -5002.61654
    -5002.72596
    -5004.23473
    -5006.93348
    -5010.39818
    -5015.44793
    -5019.05635
    -5022.16457
    -5024.47002
    -5025.66876
    -5025.49275
    -5023.79600
    -5020.62129
    -5016.21250
    -5010.99453
    -5005.53427
    -5000.46347
    -4996.34356
    -4993.50590
    -4991.95132
    -4991.38185
    -4991.35555
    -4991.47258
    -4991.49034
    -4991.33720
    -4991.06087
    -4990.75147
    -4990.47276
    -4990.24325
    -4990.08058
    -4990.03173
    -4990.09189
    -4990.05726
    -4989.47407
    -4987.78390
    -4984.58776
    -4979.85123
    -4973.92931
    -4967.42271
    -4960.97023
    -4955.09413
    -4950.16110
    -4946.42518
    -4944.06014
    -4943.13945
    -4943.60487
    -4945.28556
    -4947.96813
    -4951.46955
    -4955.68168
    -4960.60564
    -4966.36527
    -4973.11142
    -4980.78131
    -4988.87056
    -4997.72089
    -5003.83861
    -5007.79413
    -5009.52086
    -5009.54607
    -5008.75456
    -5008.03733
    -5007.97836
    -5008.71411
    -5010.01186
    -5011.46531
    -5012.64974
    -5013.16629
    -5012.63321
    -5010.72359
    -5007.28891
    -5002.50798
    -4996.93504
    -4991.34780
    -4986.42627
    -4982.45261
    -4979.26472
    -4976.48785
    -4973.83174
    -4971.23625
    -4968.83744
    -4966.86728
    -4965.60127
    -4965.35663
    -4966.42794
    -4968.89321
    -4972.44141
    -4976.44110
    -4980.21949
    -4983.31546
    -4985.57080
    -4987.09099
    -4988.14599
    -4989.06238
    -4990.14378
    -4991.65451
    -4993.86512
    -4997.10876
    -5001.77176
    -5008.17496
    -5016.39770
    -5026.15981
    -5036.83770
    -5047.58659
    -5057.48130
    -5066.83436
    -5072.42883
    -5074.77935
    -5073.41207
    -5068.13409
    -5059.12583
    -5047.00755
    -5032.83164
    -5017.96901
    -5003.89816
    -4991.95413
    -4983.11523
    -4977.88540
    -4976.27633
    -4977.86658
    -4981.91637
    -4987.52906
    -4993.82469
    -5000.06809
    -5005.71173
    -5010.37347
    -5013.80614
    -5015.89566
    -5016.67648
    -5016.34517
    -5015.26901
    -5013.98362
    -5013.14524
    -5013.40842
    -5015.23912
    -5018.72940
    -5023.52812
    -5028.96117
    -5034.27856
    -5038.87959
    -5042.42159
    -5044.80739
    -5046.10514
    -5046.47617
    -5046.15661
    -5045.44433
    -5044.61303
    -5043.77332
    -5042.79321
    -5041.35431
    -5039.11703
    -5035.88839
    -5031.69090
    -5026.70222
    -5021.13229
    -5016.45324
    -5010.20476
    -5003.85659
    -4997.70988
    -4992.13727
    -4987.46585
    -4983.86951
    -4981.32302
    -4979.61556
    -4978.41380
    -4977.38661
    -4976.35892
    -4975.39575
    -4974.74456
    -4974.68067
    -4975.38087
    -4976.89292
    -4979.16734
    -4982.07887
    -4985.42139
    -4988.92023
    -4992.30078
    -4995.39566
    -4998.22535
    -5000.98496
    -5003.93707
    -5007.28797
    -5011.14066
    -5015.53112
    -5020.47200
    -5025.94736
    -5031.87863
    -5038.11487
    -5044.47684
    -5050.82843
    -5057.09964
    -5063.20963
    -5068.93873
    -5073.87484
    -5077.50859
    -5079.43498
    -5079.54501
    -5078.09056
    -5075.56699
    -5072.45369
    -5068.96004
    -5064.93399
    -5059.95823
    -5053.55569
    -5045.42643
    -5037.03071
    -5026.16065
    -5015.07457
    -5004.87276
    -4996.67014
    -4991.45226
    -4989.92533
    -4992.35203
    -4998.46290
    -5007.52231
    -5018.51344
    -5030.35263
    -5042.07055
    -5052.93258
    -5062.48018
    -5070.49729
    -5076.94003
    -5081.86940
    -5085.38639
    -5087.55924
    -5088.35747
    -5087.63557
    -5085.18115
    -5080.81575
    -5074.51025
    -5066.47228
    -5057.16553
    -5047.23934
    -5037.38885
    -5028.21656
    -5020.17508
    -5013.60313
    -5008.76827
    -5005.82849
    -5004.72626
    -5005.11809
    -5006.42588
    -5007.99535
    -5009.27390
    -5009.93888
    -5009.95006
    -5009.51428
    -5008.95252
    -5008.50019
    -5008.14808
    -5007.64688
    -5006.67008
    -5005.00612
    -5002.65577
    -4999.79312
    -4998.03623
    -4994.71843
    -4991.18968
    -4987.37036
    -4983.25321
    -4978.95543
    -4974.67341
    -4970.59435
    -4966.82712
    -4963.40432
    -4960.38104
    -4957.97549
    -4956.62447
    -4956.87464
    -4959.15455
    -4963.56671
    -4969.83265
    -4977.40734
    -4985.65401
    -4993.95071
    -5001.70377
    -5008.33212
    -5013.30257
    -5016.23992
    -5017.06132
    -5016.04188
    -5013.74901
    -5010.85754
    -5007.93635
    -5005.30406
    -5003.00830
    -5000.90923
    -4998.81527
    -4996.60929
    -4994.32274
    -4992.14510
    -4990.37847
    -4989.34174
    -4989.23029
    -4989.97908
    -4991.21295
    -4992.34383
    -4992.78428
    -4992.18413
    -4990.58892
    -4988.45084
    -4986.47826
    -4985.37994
    -4985.62474
    -4987.31440
    -4991.43500
    -4994.97432
    -4998.55682
    -5001.72224
    -5004.27725
    -5006.28923
    -5007.98105
    -5009.58315
    -5011.20641
    -5012.78883
    -5014.13229
    -5015.00255
    -5015.23368
    -5014.78885
    -5013.76689
    -5012.39227
    -5011.02434
    -5010.16576
    -5010.39058
    -5012.15184
    -5015.53950
    -5020.14213
    -5025.13288
    -5029.57051
    -5032.76724
    -5034.53218
    -5035.17649
    -5035.30581
    -5035.52778
    -5036.21482
    -5037.40448
    -5038.85152
    -5040.21403
    -5041.28806
    -5042.09565
    -5042.67860
    -5042.83281
    -5042.17600
    -5040.43276
    -5037.52379
    -5033.41309
    -5027.96540
    -5020.98172
    -5012.38729
    -5002.42196
    -4991.70164
    -4981.11993
    -4971.65820
    -4964.19318
    -4959.35545
    -4958.75436
    -4959.76325
    -4963.33226
    -4968.96623
    -4976.14277
    -4984.42248
    -4993.49948
    -5003.17454
    -5013.23664
    -5023.29964
    -5032.70572
    -5040.60928
    -5046.22878
    -5049.12091
    -5049.32417
    -5047.32129
    -5043.87423
    -5039.81296
    -5035.82507
    -5032.27940
    -5029.15716
    -5026.16098
    -5022.94577
    -5019.31456
    -5015.29117
    -5011.08887
    -5007.03069
    -5003.47148
    -5000.75569
    -4999.20628
    -4999.08408
    -5000.45531
    -5003.03019
    -5006.16326
    -5009.08589
    -5011.20169
    -5012.25406
    -5012.32668
    -5011.67483
    -5010.43686
    -5008.47357
    -5005.57978
    -5001.88034
    -4997.99156
    -4994.78304
    -4992.90338
    -4992.43288
    -4992.94887
    -4993.88070
    -4994.78392
    -4996.72722
    -4997.04159
    -4997.15474
    -4997.36049
    -4998.01075
    -4999.38893
    -5001.61028
    -5004.56602
    -5007.91770
    -5011.15378
    -5013.70798
    -5015.10848
    -5015.09771
    -5013.67577
    -5011.06888
    -5007.65567
    -5003.88623
    -5000.22836
    -4997.15944
    -4995.19431
    -4994.90140
    -4996.85121
    -5001.46542
    -5008.78952
    -5018.31257
    -5028.99832
    -5039.57736
    -5048.96943
    -5056.60059
    -5062.44709
    -5066.82482
    -5070.11354
    -5072.58368
    -5074.32748
    -5075.23425
    -5075.02268
    -5073.36485
    -5070.07628
    -5065.27932
    -5059.45882
    -5053.38660
    -5047.90773
    -5043.61815
    -5040.63779
    -5038.74981
    -5037.78306
    -5037.78898
    -5038.84938
    -5040.78211
    -5043.04114
    -5046.20243
    -5046.89473
    -5045.94545
    -5043.19771
    -5038.77446
    -5032.95122
    -5026.01499
    -5018.19569
    -5009.73015
    -5001.02683
    -4992.78945
    -4985.93352
    -4981.28967
    -4979.30268
    -4979.97577
    -4983.06300
    -4988.29271
    -4995.43678
    -5004.21439
    -5014.14328
    -5024.46139
    -5034.17412
    -5042.20983
    -5047.63005
    -5049.82638
    -5048.64660
    -5044.42756
    -5037.94675
    -5030.29454
    -5022.63896
    -5015.89481
    -5010.43825
    -5006.08743
    -5002.39808
    -4999.05253
    -4996.08486
    -4993.86251
    -4992.89928
    -4993.60215
    -4996.04674
    -4999.88442
    -5004.45132
    -5009.02808
    -5013.09968
    -5016.47634
    -5019.23952
    -5021.57919
    -5023.63746
    -5025.45493
    -5027.02445
    -5029.64792
    -5030.86983
    -5031.96726
    -5032.82309
    -5033.16866
    -5032.71381
    -5031.30782
    -5028.99120
    -5025.91662
    -5022.22973
    -5018.02094
    -5013.37848
    -5008.47986
    -5003.62180
    -4999.15750
    -4995.38046
    -4992.42969
    -4990.25575
    -4988.67035
    -4987.46903
    -4986.55730
    -4985.99143
    -4985.90995
    -4986.41892
    -4987.51700
    -4989.09029
    -4990.94904
    -4992.86899
    -4994.62627
    -4996.02803
    -4996.92824
    -4997.21752
    -4996.80099
    -4995.60609
    -4993.64228
    -4991.06797
    -4988.19784
    -4985.42677
    -4983.11325
    -4981.49411
    -4980.67709
    -4980.69590
    -4981.57129
    -4983.32783
    -4985.95606
    -4989.35458
    -4993.30665
    -4997.51557
    -5001.67416
    -5005.52812
    -5010.26437
    -5013.15373
    -5015.53853
    -5017.46819
    -5018.98337
    -5020.11044
    -5020.86880
    -5021.26187
    -5021.26447
    -5020.84364
    -5020.02607
    -5018.97993
    -5018.05769
    -5017.75675
    -5018.58504
    -5020.87780
    -5024.65462
    -5029.59090
    -5035.10456
    -5040.50324
    -5045.13577
    -5048.51782
    -5050.41944
    -5050.91329
    -5050.38332
    -5049.48433
    -5049.02739
    -5049.76507
    -5052.10681
    -5055.88473
    -5060.32553
    -5064.27353
    -5066.55659
    -5066.32815
    -5063.26621
    -5057.58569
    -5049.87748
    -5040.85027
    -5031.10776
    -5021.07159
    -5011.05536
    -5001.38841
    -4992.48061
    -4984.78819
    -4978.71907
    -4974.54858
    -4972.39389
    -4972.23443
    -4973.94432
    -4977.33056
    -4983.60904
    -4989.71172
    -4996.74886
    -5004.28112
    -5011.73418
    -5018.51903
    -5024.13847
    -5028.21819
    -5030.53815
    -5031.11328
    -5030.24530
    -5028.46570
    -5026.38942
    -5024.56278
    -5023.36985
    -5023.00240
    -5023.46533
    -5024.60860
    -5026.19602
    -5028.00530
    -5029.91065
    -5031.88541
    -5033.90433
    -5035.80216
    -5037.22553
    -5037.77790
    -5037.26848
    -5035.85690
    -5033.99886
    -5032.26217
    -5031.13116
    -5030.87180
    -5031.48684
    -5032.77114
    -5034.44572
    -5036.29933
    -5038.24293
    -5040.24949
    -5042.26086
    -5044.16918
    -5045.87151
    -5047.32144
    -5048.54780
    -5049.65758
    -5050.81112
    -5052.15980
    -5053.78545
    -5055.67051
    -5057.67796
    -5059.55024
    -5062.32428
    -5063.01144
    -5062.77221
    -5061.59890
    -5059.65275
    -5057.24317
    -5054.76261
    -5052.55308
    -5050.75102
    -5049.22739
    -5047.70549
    -5045.98997
    -5044.13823
    -5042.46123
    -5041.37354
    -5041.19559
    -5042.00505
    -5043.58931
    -5045.50375
    -5047.21920
    -5048.31357
    -5048.61808
    -5048.22983
    -5047.38054
    -5046.25497
    -5044.87288
    -5043.06922
    -5040.55365
    -5037.02481
    -5032.30856
    -5026.45560
    -5019.74055
    -5012.57356
    -5005.41338
    -4998.76454
    -4993.24476
    -4989.59395
    -4988.49850
    -4990.26027
    -4994.53385
    -5000.38301
    -5006.65724
    -5012.40135
    -5017.03891
    -5020.34093
    -5022.33952
    -5023.27691
    -5023.55541
    -5023.63694
    -5023.91170
    -5026.04692
    -5027.20730
    -5028.66592
    -5030.17521
    -5031.48647
    -5032.44040
    -5032.97765
    -5033.06774
    -5032.62789
    -5031.50998
    -5029.58279
    -5026.86412
    -5023.61249
    -5020.30411
    -5017.48425
    -5015.56655
    -5014.69629
    -5014.75230
    -5015.47548
    -5016.63439
    -5018.13040
    -5019.98962
    -5022.25177
    -5024.82390
    -5027.38359
    -5029.40307
    -5030.30981
    -5029.74257
    -5027.80587
    -5025.19562
    -5023.07310
    -5022.65770
    -5024.71194
    -5029.22228
    -5035.44572
    -5042.22968
    -5048.38976
    -5053.00153
    -5055.56801
    -5056.07192
    -5054.92050
    -5052.79395
    -5050.42128
    -5048.32679
    -5046.62699
    -5044.97288
    -5042.68179
    -5039.00019
    -5033.37235
    -5025.62410
    -5017.42334
    -5006.74416
    -4995.97621
    -4986.26833
    -4978.67549
    -4973.99627
    -4972.64653
    -4974.58601
    -4979.35472
    -4986.21986
    -4994.35293
    -5002.95356
    -5011.28164
    -5018.62517
    -5024.27926
    -5027.60859
    -5028.19793
    -5026.01421
    -5021.47802
    -5015.39340
    -5008.76732
    -5002.58470
    -4997.60489
    -4994.22856
    -4992.47519
    -4992.07435
    -4992.61966
    -4993.71568
    -4995.07525
    -4996.57082
    -4998.25273
    -5000.31995
    -5003.02777
    -5006.54820
    -5010.84686
    -5015.64230
    -5020.45578
    -5024.71631
    -5027.88345
    -5029.56704
    -5029.62853
    -5028.23637
    -5025.84399
    -5023.07675
    -5020.55139
    -5018.68995
    -5017.59245
    -5017.01550
    -5016.47583
    -5015.44782
    -5014.80865
    -5012.02710
    -5008.55383
    -5004.88290
    -5001.64537
    -4999.42872
    -4998.57181
    -4999.01546
    -5000.29279
    -5001.68581
    -5002.48871
    -5002.24760
    -5000.86503
    -4998.54337
    -4995.63365
    -4992.49433
    -4989.42657
    -4986.68356
    -4984.50489
    -4983.11875
    -4982.68647
    -4983.22968
    -4984.61682
    -4986.65139
    -4989.19677
    -4992.22141
    -4995.70980
    -4999.50381
    -5003.19724
    -5006.16502
    -5007.70794
    -5007.23887
    -5004.45367
    -4999.45879
    -4992.81772
    -4985.46676
    -4978.50772
    -4972.96026
    -4969.56697
    -4968.69139
    -4970.31145
    -4974.11093
    -4979.64122
    -4986.46996
    -4994.25418
    -5002.74167
    -5011.73991
    -5021.06620
    -5030.49057
    -5039.69390
    -5049.58481
    -5057.02969
    -5062.76097
    -5066.19401
    -5066.82725
    -5064.39441
    -5059.01863
    -5051.28127
    -5042.12336
    -5032.59509
    -5023.61866
    -5015.90666
    -5009.96763
    -5006.07718
    -5004.24394
    -5004.23384
    -5005.62364
    -5007.84362
    -5010.25631
    -5012.30830
    -5013.68090
    -5014.31879
    -5014.33706
    -5013.91291
    -5013.23644
    -5012.51556
    -5011.99644
    -5011.95517
    -5012.62872
    -5014.10278
    -5016.22516
    -5018.60698
    -5020.71239
    -5021.99976
    -5022.07176
    -5020.79394
    -5018.32945
    -5015.05697
    -5011.40857
    -5007.72516
    -5004.21248
    -5000.99382
    -4998.17564
    -4995.85385
    -4994.07065
    -4992.79536
    -4991.97629
    -4991.62206
    -4991.82276
    -4992.67057
    -4995.38258
    -4997.34577
    -4999.52782
    -5001.77379
    -5004.18274
    -5007.16790
    -5011.30102
    -5016.96385
    -5024.03916
    -5031.87609
    -5039.51318
    -5045.97117
    -5050.48774
    -5052.66216
    -5052.50319
    -5050.37266
    -5046.84167
    -5042.52238
    -5037.94827
    -5033.53552
    -5029.58481
    -5026.26887
    -5023.59249
    -5021.37176
    -5019.27790
    -5016.94586
    -5014.09949
    -5010.64531
    -5006.70871
    -5002.60469
    -4998.75595
    -4995.58593
    -4993.41970
    -4992.41357
    -4992.51641
    -4993.46429
    -4994.81375
    -4996.01732
    -4996.52489
    -4995.88808
    -4993.84977
    -4990.39132
    -4985.71762
    -4980.18655
    -4974.23112
    -4968.33075
    -4963.05205
    -4959.10493
    -4957.31291
    -4958.41832
    -4964.14295
    -4971.49174
    -4981.01469
    -4991.70570
    -5002.65299
    -5013.14539
    -5022.61124
    -5030.52642
    -5036.40960
    -5039.92521
    -5041.00214
    -5039.84728
    -5036.83263
    -5032.36290
    -5026.84665
    -5020.76753
    -5014.74348
    -5009.47928
    -5005.61577
    -5003.55265
    -5003.33560
    -5004.66271
    -5007.00258
    -5009.76233
    -5012.41606
    -5014.54775
    -5015.83521
    -5016.05899
    -5015.17787
    -5013.42595
    -5011.32692
    -5009.56827
    -5008.76974
    -5009.24998
    -5010.90406
    -5013.26296
    -5015.72568
    -5017.86383
    -5019.61055
    -5021.14688
    -5022.53144
    -5023.45701
    -5023.41620
    -5022.05008
    -5019.31701
    -5015.42807
    -5010.69381
    -5005.40062
    -4999.77421
    -4994.02869
    -4989.71758
    -4984.74495
    -4980.86180
    -4978.57689
    -4978.24826
    -4979.95763
    -4983.45156
    -4988.17082
    -4993.36884
    -4998.29201
    -5002.36286
    -5005.29707
    -5007.09728
    -5007.92249
    -5007.91338
    -5007.08977
    -5005.36536
    -5002.62384
    -4998.79210
    -4993.91683
    -4988.26922
    -4982.42115
    -4977.18525
    -4973.38342
    -4971.55979
    -4971.84109
    -4974.03834
    -4977.88253
    -4983.20298
    -4989.93446
    -4997.97941
    -5007.04652
    -5016.58401
    -5025.84513
    -5034.04567
    -5040.55311
    -5045.03147
    -5047.47925
    -5048.13805
    -5047.32463
    -5045.29425
    -5042.23585
    -5038.41279
    -5034.31856
    -5030.63586
    -5027.95228
    -5026.47284
    -5025.98853
    -5026.03831
    -5026.07346
    -5026.95564
    -5025.66072
    -5023.42592
    -5020.32612
    -5016.48619
    -5011.97453
    -5006.77163
    -5000.83666
    -4994.23258
    -4987.22424
    -4980.29200
    -4974.07014
    -4969.25081
    -4966.47422
    -4966.20303
    -4968.60043
    -4973.46443
    -4980.26251
    -4988.26129
    -4996.69349
    -5004.89362
    -5012.36835
    -5018.79079
    -5023.93526
    -5027.60025
    -5029.57329
    -5029.65322
    -5027.70469
    -5023.71989
    -5017.87894
    -5010.60055
    -5002.56769
    -4994.69869
    -4987.98466
    -4983.14271
    -4980.29215
    -4978.96505
    -4978.42379
    -4977.99339
    -4977.26807
    -4976.20820
    -4975.14674
    -4974.67616
    -4975.39583
    -4977.59636
    -4981.06370
    -4985.14494
    -4989.03158
    -4992.06927
    -4993.93867
    -4995.94408
    -4995.89932
    -4995.50608
    -4995.20419
    -4995.25753
    -4995.68271
    -4996.29945
    -4996.86332
    -4997.19167
    -4997.21876
    -4996.99273
    -4996.65773
    -4996.44047
    -4996.62939
    -4997.53226
    -4999.40925
    -5002.39151
    -5006.40342
    -5011.14261
    -5016.16005
    -5021.01308
    -5025.40464
    -5029.25438
    -5032.69997
    -5036.04015
    -5039.61726
    -5043.65474
    -5048.12054
    -5052.70394
    -5056.93437
    -5060.37602
    -5062.78190
    -5064.13970
    -5064.61272
    -5064.43213
    -5063.80401
    -5062.86446
    -5061.66445
    -5060.14401
    -5058.10407
    -5055.24817
    -5051.32985
    -5046.32111
    -5040.47520
    -5034.25858
    -5028.22905
    -5022.95192
    -5018.98379
    -5016.85915
    -5016.96332
    -5020.65184
    -5024.58608
    -5028.98537
    -5032.59145
    -5034.42120
    -5033.99233
    -5031.32423
    -5026.80543
    -5021.04380
    -5014.76433
    -5008.72673
    -5003.59282
    -4999.74295
    -4997.17247
    -4995.59269
    -4994.67030
    -4994.21565
    -4994.22071
    -4994.78594
    -4996.02402
    -4997.99507
    -5000.67721
    -5003.95094
    -5007.59098
    -5011.28006
    -5014.67142
    -5017.49939
    -5019.66975
    -5021.22566
    -5022.17497
    -5022.32484
    -5021.30247
    -5018.75833
    -5014.57373
    -5008.94179
    -5002.33513
    -4995.42972
    -4988.99441
    -4983.73633
    -4980.14928
    -4978.46210
    -4978.70650
    -4980.82748
    -4984.74217
    -4990.31616
    -4997.28947
    -5005.21360
    -5013.45391
    -5021.27056
    -5027.95655
    -5034.29812
    -5037.44821
    -5038.74970
    -5038.46672
    -5036.91390
    -5034.33677
    -5030.90095
    -5026.75913
    -5022.11023
    -5017.20859
    -5012.35134
    -5007.88524
    -5004.22629
    -5001.83242
    -5001.08277
    -5002.09101
    -5004.56649
    -5007.85150
    -5011.12466
    -5013.63217
    -5014.83843
    -5014.49233
    -5012.65099
    -5009.67761
    -5006.19076
    -5002.92277
    -5000.49159
    -4999.18799
    -4998.92715
    -4999.40025
    -5000.30350
    -5001.48397
    -5002.93673
    -5004.70034
    -5006.75858
    -5009.01118
    -5011.29621
    -5013.43000
    -5015.24964
    -5016.65048
    -5017.59781
    -5018.11332
    -5018.26827
    -5018.20629
    -5018.16269
    -5018.41920
    -5019.18359
    -5020.44738
    -5021.92048
    -5023.10662
    -5024.82915
    -5024.03955
    -5021.88568
    -5018.39493
    -5013.75461
    -5008.31339
    -5002.60385
    -4997.30656
    -4993.09849
    -4990.43542
    -4989.39249
    -4989.65584
    -4990.66020
    -4991.80422
    -4992.65951
    -4993.10431
    -4993.33636
    -4993.75475
    -4994.75447
    -4996.52671
    -4998.95944
    -5001.67231
    -5004.14749
    -5005.89331
    -5006.59281
    -5006.20652
    -5004.99414
    -5003.43619
    -5002.08321
    -5001.40649
    -5001.72247
    -5003.19280
    -5005.82381
    -5009.41607
    -5013.54124
    -5017.64189
    -5021.21504
    -5023.95217
    -5025.78030
    -5026.83219
    -5027.38096
    -5027.74767
    -5028.18922
    -5028.79314
    -5029.42091
    -5029.73852
    -5029.34757
    -5027.97030
    -5025.58716
    -5022.43341
    -5020.28813
    -5016.73004
    -5013.50689
    -5011.01039
    -5009.66280
    -5009.84820
    -5011.79343
    -5015.45468
    -5020.47315
    -5026.23778
    -5032.03078
    -5037.18138
    -5041.17065
    -5043.68530
    -5044.63965
    -5044.17348
    -5042.61926
    -5040.43680
    -5038.14367
    -5036.26790
    -5035.31211
    -5035.63057
    -5037.17034
    -5039.27576
    -5040.85897
    -5040.87083
    -5038.69696
    -5034.28408
    -5028.08064
    -5020.91235
    -5013.82378
    -5007.87303
    -5003.89266
    -5002.27536
    -5002.86266
    -5004.99670
    -5007.73264
    -5010.13871
    -5011.57799
    -5011.88014
    -5011.35029
    -5010.61488
    -5010.38123
    -5011.22743
    -5013.49831
    -5017.28078
    -5022.39816
    -5028.40243
    -5034.58404
    -5040.02857
    -5045.11758
    -5046.26815
    -5044.32689
    -5039.35711
    -5032.00849
    -5023.30368
    -5014.27472
    -5005.68153
    -4997.96532
    -4991.39274
    -4986.23885
    -4982.88567
    -4981.78911
    -4983.36723
    -4987.88749
    -4995.38242
    -5005.57243
    -5017.81233
    -5031.10611
    -5044.20674
    -5055.77720
    -5064.59124
    -5069.74611
    -5070.83856
    -5068.04809
    -5062.09342
    -5054.07642
    -5045.26763
    -5036.89648
    -5029.97004
    -5025.11305
    -5022.44551
    -5021.55917
    -5021.65296
    -5021.80453
    -5021.26907
    -5019.68287
    -5017.11885
    -5014.00967
    -5010.97732
    -5008.59701
    -5007.16200
    -5006.56966
    -5006.41620
    -5006.23372
    -5005.71576
    -5004.83399
    -5003.83989
    -5003.17356
    -5003.27867
    -5005.73028
    -5007.58977
    -5009.58430
    -5010.94300
    -5011.04818
    -5009.67115
    -5007.06296
    -5003.88692
    -5001.01121
    -4999.24092
    -4999.12025
    -5000.89751
    -5004.60290
    -5010.09114
    -5016.98228
    -5024.59480
    -5031.99305
    -5038.15871
    -5042.20098
    -5043.51903
    -5041.88561
    -5037.45567
    -5030.71411
    -5022.37333
    -5013.23076
    -5004.01101
    -4995.23335
    -4987.14020
    -4979.70181
    -4972.68258
    -4965.74092
    -4958.54018
    -4950.86431
    -4942.73136
    -4934.46827
    -4926.69632
    -4920.20852
    -4915.78766
    -4914.04706
    -4915.33637
    -4919.69869
    -4926.86504
    -4936.29651
    -4947.26355
    -4958.91469
    -4970.33130
    -4980.60326
    -4988.94260
    -4994.80011
    -4997.94082
    -4999.76103
    -4998.13452
    -4995.12805
    -4991.86873
    -4989.61481
    -4989.32978
    -4991.27149
    -4994.96618
    -4999.59948
    -5004.46444
    -5009.15281
    -5013.49879
    -5017.44031
    -5020.92893
    -5023.92175
    -5026.43025
    -5028.57739
    -5030.61000
    -5032.82580
    -5035.42139
    -5038.33096
    -5041.14992
    -5043.19459
    -5043.67482
    -5041.90917
    -5037.51112
    -5030.49696
    -5021.29870
    -5010.69697
    -4999.70717
    -4989.43093
    -4980.87600
    -4974.76394
    -4971.38751
    -4970.58578
    -4971.84993
    -4974.50667
    -4977.90075
    -4981.51429
    -4985.00883
    -4988.22652
    -4991.19536
    -4994.14754
    -4997.51367
    -5001.82456
    -5007.48921
    -5014.52521
    -5022.40425
    -5030.14059
    -5036.58703
    -5042.01288
    -5043.45676
    -5042.15509
    -5038.67512
    -5033.98684
    -5029.22954
    -5025.42937
    -5023.26715
    -5022.99575
    -5024.51393
    -5027.50173
    -5031.52933
    -5036.11608
    -5040.75574
    -5044.93901
    -5048.21522
    -5050.28142
    -5051.02328
    -5050.44969
    -5048.55718
    -5045.23287
    -5040.29109
    -5033.64110
    -5025.48414
    -5016.41284
    -5007.33067
    -4999.21049
    -4992.81684
    -4988.54090
    -4986.39616
    -4986.11779
    -4987.28636
    -4989.44280
    -4992.18016
    -4995.19767
    -4998.30399
    -5001.37312
    -5004.27671
    -5006.83802
    -5008.85264
    -5010.18540
    -5010.89258
    -5011.27348
    -5011.78898
    -5012.88404
    -5014.82474
    -5017.63303
    -5021.11588
    -5024.93918
    -5028.71332
    -5033.44737
    -5036.17964
    -5038.10632
    -5039.12364
    -5039.08636
    -5037.80483
    -5035.11967
    -5030.98689
    -5025.53098
    -5019.05976
    -5012.03580
    -5005.00234
    -4998.48597
    -4992.92609
    -4988.65321
    -4985.88726
    -4984.72853
    -4985.15586
    -4987.05399
    -4990.25006
    -4994.51627
    -4999.53092
    -5004.84327
    -5009.89667
    -5014.12106
    -5017.05953
    -5018.47151
    -5018.36531
    -5016.94186
    -5014.49030
    -5011.31721
    -5007.76489
    -5004.27191
    -5001.36613
    -4999.52927
    -4998.99634
    -4999.62329
    -5000.91390
    -5002.20020
    -5002.89395
    -5002.70587
    -5001.75396
    -5000.52814
    -4999.71112
    -4999.91280
    -5001.45812
    -5004.34772
    -5008.35844
    -5013.14758
    -5018.27697
    -5024.48317
    -5028.62293
    -5031.45300
    -5032.77139
    -5032.77146
    -5031.98153
    -5031.05458
    -5030.49400
    -5030.43510
    -5030.57902
    -5030.30266
    -5028.88472
    -5025.75182
    -5020.65792
    -5013.74347
    -5005.46924
    -4996.48794
    -4987.53656
    -4979.36074
    -4972.59473
    -4967.56863
    -4964.15576
    -4961.83201
    -4959.96388
    -4958.13146
    -4956.28047
    -4954.66789
    -4953.69450
    -4953.72338
    -4954.94829
    -4957.37469
    -4960.92041
    -4965.53321
    -4971.19558
    -4977.82853
    -4985.23088
    -4993.12535
    -5001.24176
    -5009.34071
    -5017.16322
    -5024.36952
    -5030.52572
    -5035.16033
    -5037.87776
    -5038.48646
    -5037.09988
    -5034.15456
    -5030.28291
    -5026.04499
    -5021.67767
    -5018.34619
    -5013.29955
    -5007.70390
    -5001.76546
    -4995.92961
    -4990.72249
    -4986.58086
    -4983.75470
    -4982.31076
    -4982.20040
    -4983.34193
    -4985.68767
    -4989.25140
    -4994.06678
    -5000.07494
    -5006.99354
    -5014.25463
    -5021.08154
    -5026.68689
    -5030.48531
    -5032.21180
    -5031.92283
    -5029.92639
    -5026.68970
    -5022.74861
    -5018.61974
    -5014.72032
    -5011.31160
    -5008.48961
    -5006.23829
    -5004.53968
    -5003.48539
    -5003.31309
    -5004.32962
    -5006.76321
    -5010.62507
    -5015.61791
    -5021.10958
    -5026.22741
    -5030.08689
    -5032.04367
    -5031.82210
    -5029.48400
    -5025.31803
    -5019.74325
    -5013.26350
    -5006.42517
    -4999.72949
    -4993.53901
    -4988.08483
    -4984.96362
    -4981.82968
    -4980.48334
    -4981.29197
    -4984.26511
    -4988.92475
    -4994.40412
    -4999.70716
    -5003.97900
    -5006.69292
    -5007.73258
    -5007.38918
    -5006.29884
    -5005.32325
    -5005.37159
    -5007.20140
    -5011.27376
    -5017.68710
    -5026.15921
    -5036.03393
    -5046.34026
    -5055.93100
    -5063.68411
    -5068.69818
    -5070.41658
    -5068.66443
    -5063.62679
    -5055.80235
    -5045.93515
    -5034.91741
    -5023.67696
    -5013.06457
    -5003.74649
    -4996.11939
    -4990.28866
    -4986.13211
    -4983.42330
    -4981.95363
    -4981.59429
    -4982.28109
    -4983.94531
    -4986.43392
    -4989.46065
    -4992.62182
    -4995.47819
    -4997.66431
    -4998.96485
    -4999.32387
    -4998.80120
    -4997.51676
    -4997.03309
    -4994.64100
    -4991.77633
    -4988.36307
    -4984.21891
    -4979.15012
    -4973.09496
    -4966.23430
    -4959.01399
    -4952.08610
    -4946.21602
    -4942.18690
    -4940.68881
    -4942.17848
    -4946.74063
    -4954.02239
    -4963.28205
    -4973.53240
    -4983.73013
    -4992.95721
    -5000.55683
    -5006.19904
    -5009.86698
    -5011.77819
    -5012.27980
    -5011.77117
    -5010.67722
    -5009.44695
    -5008.52597
    -5008.28151
    -5008.91534
    -5010.42158
    -5012.61708
    -5015.22426
    -5017.96146
    -5020.60429
    -5023.00907
    -5025.09991
    -5026.83562
    -5028.17975
    -5029.09623
    -5029.57990
    -5029.69904
    -5029.61776
    -5029.57116
    -5029.80012
    -5030.49068
    -5031.75571
    -5033.63869
    -5036.09274
    -5040.35547
    -5043.30559
    -5045.94571
    -5047.92763
    -5049.01688
    -5049.12095
    -5048.27385
    -5046.59571
    -5044.24076
    -5041.34654
    -5038.00568
    -5034.27847
    -5030.24217
    -5026.03303
    -5021.84351
    -5017.88231
    -5014.34272
    -5011.40739
    -5009.28273
    -5008.23584
    -5008.58739
    -5010.60424
    -5014.29146
    -5019.21393
    -5024.54373
    -5029.36532
    -5033.02277
    -5035.25676
    -5036.10055
    -5035.69531
    -5034.19276
    -5031.77808
    -5028.73868
    -5025.48715
    -5022.50998
    -5020.27492
    -5019.14238
    -5019.30068
    -5020.72533
    -5023.16557
    -5026.17235
    -5029.17315
    -5031.58079
    -5032.90866
    -5032.86712
    -5031.42023
    -5028.79522
    -5025.44279
    -5021.94608
    -5018.89104
    -5017.96512
    -5016.90691
    -5016.82422
    -5017.41137
    -5018.37734
    -5019.66274
    -5021.46827
    -5024.03290
    -5027.32808
    -5030.92724
    -5034.13204
    -5036.21701
    -5036.64586
    -5035.21155
    -5032.10155
    -5027.87812
    -5023.36365
    -5019.45737
    -5016.92761
    -5016.23179
    -5017.42646
    -5020.21897
    -5024.15262
    -5028.82846
    -5034.03296
    -5039.69296
    -5045.69775
    -5051.73489
    -5057.26955
    -5061.66809
    -5064.35759
    -5064.93610
    -5063.22998
    -5059.32987
    -5053.60665
    -5046.68193
    -5039.33599
    -5032.37722
    -5026.52980
    -5022.37826
    -5020.35049
    -5020.68380
    -5023.37351
    -5028.17167
    -5034.68323
    -5042.49376
    -5051.21304
    -5060.40531
    -5069.49831
    -5077.76975
    -5085.80927
    -5090.23709
    -5092.02764
    -5091.25914
    -5088.41856
    -5084.11521
    -5078.70124
    -5072.18137
    -5064.52958
    -5056.04444
    -5047.39162
    -5039.35739
    -5032.53985
    -5027.16749
    -5023.11449
    -5020.06556
    -5017.72186
    -5015.93889
    -5014.75678
    -5014.34370
    -5014.90543
    -5016.61140
    -5019.55745
    -5023.76763
    -5029.21476
    -5035.81720
    -5043.37973
    -5051.51109
    -5059.61351
    -5066.99721
    -5073.06492
    -5077.46487
    -5080.13928
    -5081.26930
    -5081.17082
    -5080.19188
    -5078.63265
    -5076.68121
    -5074.36116
    -5071.51947
    -5067.89803
    -5063.27660
    -5057.60753
    -5051.06590
    -5044.01842
    -5036.96538
    -5030.48516
    -5025.17327
    -5021.55563
    -5019.97924
    -5022.03022
    -5024.42839
    -5028.15266
    -5032.65600
    -5037.53567
    -5042.53083
    -5047.37999
    -5051.71225
    -5055.07011
    -5057.02415
    -5057.28570
    -5055.75330
    -5052.49230
    -5047.68489
    -5041.59258
    -5034.53510
    -5026.85083
    -5018.82745
    -5010.64389
    -5002.39950
    -4994.25180
    -4986.57135
    -4979.94616
    -4974.96729
    -4971.98233
    -4971.04115
    -4971.98953
    -4974.53380
    -4978.23623
    -4982.51410
    -4986.71005
    -4990.23455
    -4992.73264
    -4994.18404
    -4994.84774
    -4995.04942
    -4994.96857
    -4994.60853
    -4993.94782
    -4993.09509
    -4992.32102
    -4991.97158
    -4992.33476
    -4993.52313
    -4995.41959
    -4997.72224
    -5000.07544
    -5002.21793
    -5004.05131
    -5005.57323
    -5008.00468
    -5008.61853
    -5008.40209
    -5007.20654
    -5005.12214
    -5002.49034
    -4999.86007
    -4997.89288
    -4997.16908
    -4997.96055
    -5000.13835
    -5003.28023
    -5006.88851
    -5010.61369
    -5014.40660
    -5018.51282
    -5023.30424
    -5029.07431
    -5035.87235
    -5043.37581
    -5050.87099
    -5057.40345
    -5062.00559
    -5063.88232
    -5062.52876
    -5057.80432
    -5049.99224
    -5039.85043
    -5028.62354
    -5017.94576
    -5009.56831
    -5004.92833
    -5004.71505
    -5008.66298
    -5015.70896
    -5024.42870
    -5033.51458
    -5042.08134
    -5049.71008
    -5056.28111
    -5061.74351
    -5065.97554
    -5068.79747
    -5070.06947
    -5069.75688
    -5067.89442
    -5064.50336
    -5059.57011
    -5053.12862
    -5045.37634
    -5038.10260
    -5029.19339
    -5020.62321
    -5012.90062
    -5006.27532
    -5000.69488
    -4995.86706
    -4991.40469
    -4986.99879
    -4982.55461
    -4978.23157
    -4974.35958
    -4971.27392
    -4969.17969
    -4968.12935
    -4968.07711
    -4968.93111
    -4970.58145
    -4972.92322
    -4975.87817
    -4979.39278
    -4983.40037
    -4987.76069
    -4992.22580
    -4996.48809
    -5000.30914
    -5003.64861
    -5006.69195
    -5009.74614
    -5013.06446
    -5016.70873
    -5020.52707
    -5024.24231
    -5027.57442
    -5030.32827
    -5032.42472
    -5033.88879
    -5034.80811
    -5035.27040
    -5035.31801
    -5034.96700
    -5034.29181
    -5033.49951
    -5032.90598
    -5032.81880
    -5033.41950
    -5034.72717
    -5036.63484
    -5038.94365
    -5041.35454
    -5044.80790
    -5046.06968
    -5045.94937
    -5044.11750
    -5040.61230
    -5035.87927
    -5030.61843
    -5025.50770
    -5020.95880
    -5017.02859
    -5013.49100
    -5009.98809
    -5006.17236
    -5001.79966
    -4996.77428
    -4991.16802
    -4985.22820
    -4979.37579
    -4974.18163
    -4970.30426
    -4968.36902
    -4968.79836
    -4971.66081
    -4976.63295
    -4983.11318
    -4990.42277
    -4997.98954
    -5005.44342
    -5012.61192
    -5019.43257
    -5025.82335
    -5031.57854
    -5036.36351
    -5039.83177
    -5041.78893
    -5042.28543
    -5041.58287
    -5040.03380
    -5037.96387
    -5035.61605
    -5033.16258
    -5030.74743
    -5028.51452
    -5026.60018
    -5025.09960
    -5024.03189
    -5023.32768
    -5022.86542
    -5022.57341
    -5022.55876
    -5024.48424
    -5026.11509
    -5028.93507
    -5032.70908
    -5036.86685
    -5040.72812
    -5043.66999
    -5045.21714
    -5045.11101
    -5043.34446
    -5040.12172
    -5035.74757
    -5030.51060
    -5024.62907
    -5018.28088
    -5011.68043
    -5005.13306
    -4999.01462
    -4993.69844
    -4989.49750
    -4986.65656
    -4985.35960
    -4985.71454
    -4987.72491
    -4991.29807
    -4996.30437
    -5002.61883
    -5010.07550
    -5018.35350
    -5026.90112
    -5034.96277
    -5041.69881
    -5046.35552
    -5048.42606
    -5047.74206
    -5044.46252
    -5038.98257
    -5031.82165
    -5023.54247
    -5014.70681
    -5005.83913
    -4997.37730
    -4989.62921
    -4982.78773
    -4977.02578
    -4972.61084
    -4969.94187
    -4969.47539
    -4971.56407
    -4976.26843
    -4984.69294
    -4993.46387
    -5003.28722
    -5013.44798
    -5023.19489
    -5031.77389
    -5038.53360
    -5043.05908
    -5045.26869
    -5045.43932
    -5044.15861
    -5042.21546
    -5040.43733
    -5039.47913
    -5039.61745
    -5040.66119
    -5042.05189
    -5043.08123
    -5043.09956
    -5041.66124
    -5038.61621
    -5034.13413
    -5028.63270
    -5022.63406
    -5016.61329
    -5010.88896
    -5005.58965
    -5000.71780
    -4996.29178
    -4992.48714
    -4989.67493
    -4988.30110
    -4988.67635
    -4990.83339
    -4994.55535
    -4999.52361
    -5005.45650
    -5012.15653
    -5019.46467
    -5027.16604
    -5034.90548
    -5042.16208
    -5048.30234
    -5052.69926
    -5054.86740
    -5054.55478
    -5051.76214
    -5046.71500
    -5039.84696
    -5031.81134
    -5024.84248
    -5017.18565
    -5011.06048
    -5007.06015
    -5005.39474
    -5005.89357
    -5008.05380
    -5011.10436
    -5014.12277
    -5016.22617
    -5016.77761
    -5015.51914
    -5012.60047
    -5008.52848
    -5004.05357
    -4999.98487
    -4996.97438
    -4995.38925
    -4995.34848
    -4996.85117
    -4999.85022
    -5004.21337
    -5009.63064
    -5015.55247
    -5021.20846
    -5025.74268
    -5028.44897
    -5029.00255
    -5027.54303
    -5024.56390
    -5020.70622
    -5016.60274
    -5012.81495
    -5009.80239
    -5007.85580
    -5007.00062
    -5006.93266
    -5007.06631
    -5006.72029
    -5005.38582
    -5002.96104
    -4999.81396
    -4996.60778
    -4993.99015
    -4992.38188
    -4991.97531
    -4992.81912
    -4994.85847
    -4997.93952
    -5001.82478
    -5007.48154
    -5012.06000
    -5016.37497
    -5019.95575
    -5022.35626
    -5023.26278
    -5022.57354
    -5020.40841
    -5017.04861
    -5012.84344
    -5008.11983
    -5003.12257
    -4998.01343
    -4992.93053
    -4988.06619
    -4983.70848
    -4980.22217
    -4977.98406
    -4977.29378
    -4978.27070
    -4980.75687
    -4984.27259
    -4988.07867
    -4991.35125
    -4993.40509
    -4993.87672
    -4992.81811
    -4990.70832
    -4988.40058
    -4986.95324
    -4987.26311
    -4989.62035
    -4993.54948
    -4998.09027
    -5002.24355
    -5005.29883
    -5006.97783
    -5007.41243
    -5007.00084
    -5006.20868
    -5005.38181
    -5004.62028
    -5003.76188
    -5002.50270
    -5000.61491
    -4998.13507
    -4995.38451
    -4992.79145
    -4990.66001
    -4989.07257
    -4989.29908
    -4988.49354
    -4987.78537
    -4987.00350
    -4986.07914
    -4985.09723
    -4984.25124
    -4983.69335
    -4983.39274
    -4983.14272
    -4982.71370
    -4982.00699
    -4981.10988
    -4980.25647
    -4979.73524
    -4979.77690
    -4980.46588
    -4981.71899
    -4983.33114
    -4985.05628
    -4986.68805
    -4988.12593
    -4989.41704
    -4990.75744
    -4992.44780
    -4994.80480
    -4998.04646
    -5002.18896
    -5006.99516
    -5011.99439
    -5016.56105
    -5020.02089
    -5021.76518
    -5021.36073
    -5018.64795
    -5013.80384
    -5007.33756
    -5000.00110
    -4992.65089
    -4986.12573
    -4981.17348
    -4978.39969
    -4978.20575
    -4980.73711
    -4985.89003
    -4993.36952
    -5002.73447
    -5013.38052
    -5024.50690
    -5035.15722
    -5045.73509
    -5052.75636
    -5057.13429
    -5058.85183
    -5058.25767
    -5055.93269
    -5052.50686
    -5048.48752
    -5044.15785
    -5039.57762
    -5034.67424
    -5029.37391
    -5023.71579
    -5017.90369
    -5012.28132
    -5007.23357
    -5003.05121
    -4999.82412
    -4997.43148
    -4995.62927
    -4994.16501
    -4992.85628
    -4991.61402
    -4990.41572
    -4989.24628
    -4988.04590
    -4986.70171
    -4985.08589
    -4983.10670
    -4980.72881
    -4977.95079
    -4974.77320
    -4971.20201
    -4967.29249
    -4963.19781
    -4959.17735
    -4955.56048
    -4952.68457
    -4950.82813
    -4950.15168
    -4950.67018
    -4952.27353
    -4954.78992
    -4958.05701
    -4961.95541
    -4966.37743
    -4971.15340
    -4976.01147
    -4980.64092
    -4984.84541
    -4990.01717
    -4993.86691
    -4998.20176
    -5003.45805
    -5009.79035
    -5016.95482
    -5024.34502
    -5031.17340
    -5036.70838
    -5040.42750
    -5042.01336
    -5041.25274
    -5037.98481
    -5032.18512
    -5024.13434
    -5014.52985
    -5004.44069
    -4995.10899
    -4987.69642
    -4983.09167
    -4981.82627
    -4984.05104
    -4989.50877
    -4997.53308
    -5007.16386
    -5017.37322
    -5027.28458
    -5036.29899
    -5044.12300
    -5050.71908
    -5056.20083
    -5060.70361
    -5064.26907
    -5066.78540
    -5068.01945
    -5067.73644
    -5065.84637
    -5062.49616
    -5058.06250
    -5053.04833
    -5047.93629
    -5043.06098
    -5038.55228
    -5034.35671
    -5030.30833
    -5026.21221
    -5021.92640
    -5017.43329
    -5012.87807
    -5008.54034
    -5006.06596
    -5003.04902
    -5000.86172
    -4999.46095
    -4998.80887
    -4998.95798
    -4999.98748
    -5001.80012
    -5003.94755
    -5005.66106
    -5006.09253
    -5004.61347
    -5001.02522
    -4995.61446
    -4989.06094
    -4982.25281
    -4976.08351
    -4971.28940
    -4968.34140
    -4967.37413
    -4968.14649
    -4970.07166
    -4972.35322
    -4974.21272
    -4975.13629
    -4975.04651
    -4974.31969
    -4973.63404
    -4973.71654
    -4975.09369
    -4977.92954
    -4982.01168
    -4986.91041
    -4992.23888
    -4997.85433
    -5003.84753
    -5010.31601
    -5017.09088
    -5023.63455
    -5029.17885
    -5032.99536
    -5034.63748
    -5034.05010
    -5031.53515
    -5027.61577
    -5022.85603
    -5017.69543
    -5012.36761
    -5006.95246
    -5001.51634
    -4997.49587
    -4992.65153
    -4988.50371
    -4985.23765
    -4982.93426
    -4981.65699
    -4981.52748
    -4982.72042
    -4985.41100
    -4989.71642
    -4995.60032
    -5002.72502
    -5010.36112
    -5017.46881
    -5022.95650
    -5026.00967
    -5026.33674
    -5024.23140
    -5020.44537
    -5015.92746
    -5011.51602
    -5007.70678
    -5004.59443
    -5001.98027
    -4999.54396
    -4996.99172
    -4994.16322
    -4991.10686
    -4988.09318
    -4985.52484
    -4983.76774
    -4983.01020
    -4983.23235
    -4984.26290
    -4985.85346
    -4987.73986
    -4989.69077
    -4991.52313
    -4993.06922
    -4994.12705
    -4994.47037
    -4993.96156
    -4992.69397
    -4991.01747
    -4989.40518
    -4988.30670
    -4988.11368
    -4989.15361
    -4991.59546
    -4995.32848
    -5001.31872
    -5006.28701
    -5010.99645
    -5015.00015
    -5018.05757
    -5020.13044
    -5021.29926
    -5021.64495
    -5021.16605
    -5019.78511
    -5017.45230
    -5014.30675
    -5010.80564
    -5007.70373
    -5005.82441
    -5005.71816
    -5007.41016
    -5010.38519
    -5013.78195
    -5016.66053
    -5018.22558
    -5017.96844
    -5015.74446
    -5011.79654
    -5006.70893
    -5001.26377
    -4996.21941
    -4992.08900
    -4989.02796
    -4986.87038
    -4985.25662
    -4983.77254
    -4982.06892
    -4979.95613
    -4977.45467
    -4974.77542
    -4972.23258
    -4970.13328
    -4968.70621
    -4968.10504
    -4968.45271
    -4969.84156
    -4972.25420
    -4975.45893
    -4978.98117
    -4982.19537
    -4984.51219
    -4985.59702
    -4985.55358
    -4984.96744
    -4985.91568
    -4986.74932
    -4988.93274
    -4992.23990
    -4996.15009
    -5000.13721
    -5003.89882
    -5007.44022
    -5010.96825
    -5014.64977
    -5018.37356
    -5021.64996
    -5023.70443
    -5023.74757
    -5021.33142
    -5016.61878
    -5010.38038
    -5003.67148
    -4997.39429
    -4992.01742
    -4987.51649
    -4983.48271
    -4979.37109
    -4974.81874
    -4969.90180
    -4965.19049
    -4961.47961
    -4959.29908
    -4958.66017
    -4959.29750
    -4961.01872
    -4963.75172
    -4967.38698
    -4971.69417
    -4976.38028
    -4981.17871
    -4985.88496
    -4990.33979
    -4994.39686
    -4997.89492
    -5000.64809
    -5002.48100
    -5003.32275
    -5003.30436
    -5002.74993
    -5002.00812
    -5001.23332
    -5000.31470
    -4999.02245
    -4997.23767
    -4996.44971
    -4994.25493
    -4992.34386
    -4990.96299
    -4990.21779
    -4990.12770
    -4990.69783
    -4991.92825
    -4993.75724
    -4996.01392
    -4998.44600
    -5000.79587
    -5002.83618
    -5004.33760
    -5005.03950
    -5004.70265
    -5003.22992
    -5000.75385
    -4997.60532
    -4994.18770
    -4990.86568
    -4987.93010
    -4985.60522
    -4984.03396
    -4983.24223
    -4983.12917
    -4983.50983
    -4984.18922
    -4985.02832
    -4985.97960
    -4987.08168
    -4988.41140
    -4990.00783
    -4991.80786
    -4993.64000
    -4995.27985
    -4996.52426
    -4997.23328
    -4997.33402
    -4996.80901
    -4995.69092
    -4994.05230
    -4991.98467
    -4989.57922
    -4986.92850
    -4984.15723
    -4981.47550
    -4979.21701
    -4977.81332
    -4977.67525
    -4980.39930
    -4983.11988
    -4986.76446
    -4990.77664
    -4994.69336
    -4998.26012
    -5001.38649
    -5003.99502
    -5005.87748
    -5006.66854
    -5005.96286
    -5003.51254
    -4999.39749
    -4994.07794
    -4988.29502
    -4982.85256
    -4978.40069
    -4975.34478
    -4973.88570
    -4974.09148
    -4975.91938
    -4979.19860
    -4983.63104
    -4988.85077
    -4994.50393
    -5000.29122
    -5005.95745
    -5011.25963
    -5015.95014
    -5019.78709
    -5022.56503
    -5024.16061
    -5024.57578
    -5023.95680
    -5022.57825
    -5020.79688
    -5018.98501
    -5017.44331
    -5016.30657
    -5015.49305
    -5014.75929
    -5013.86754
    -5012.77460
    -5011.71607
    -5011.11548
    -5011.35942
    -5012.57920
    -5014.57939
    -5016.92411
    -5019.08219
    -5021.81537
    -5022.19022
    -5021.20425
    -5018.81331
    -5015.17360
    -5010.58685
    -5005.43490
    -5000.14114
    -4995.14316
    -4990.82810
    -4987.42846
    -4984.94546
    -4983.16278
    -4981.73591
    -4980.30399
    -4978.58506
    -4976.45423
    -4974.00720
    -4971.59034
    -4969.75718
    -4969.12383
    -4970.12850
    -4972.77980
    -4976.55349
    -4980.57272
    -4984.01024
    -4986.45704
    -4988.02255
    -4989.15828
    -4990.38944
    -4992.11228
    -4994.48739
    -4997.44122
    -5000.80003
    -5004.47226
    -5008.51638
    -5013.03687
    -5018.01010
    -5023.18602
    -5028.12187
    -5032.29099
    -5035.19276
    -5036.44812
    -5035.87334
    -5033.49855
    -5029.53889
    -5024.38851
    -5018.63378
    -5013.00545
    -5008.23911
    -5006.18618
    -5004.61073
    -5004.73947
    -5006.28031
    -5008.77722
    -5011.74658
    -5014.81722
    -5017.84204
    -5020.92793
    -5024.30358
    -5028.02217
    -5031.68395
    -5034.42632
    -5035.20349
    -5033.15770
    -5027.90899
    -5019.71386
    -5009.47798
    -4998.60051
    -4988.68527
    -4981.23628
    -4977.43132
    -4977.94868
    -4982.82895
    -4991.44266
    -5002.61375
    -5014.84029
    -5026.54091
    -5036.30731
    -5043.13034
    -5046.53131
    -5046.54917
    -5043.61412
    -5038.37812
    -5031.55533
    -5023.79650
    -5015.60927
    -5007.34297
    -4999.24076
    -4991.53153
    -4984.51413
    -4978.59838
    -4974.29457
    -4972.14900
    -4972.62146
    -4975.92475
    -4981.88549
    -4989.90897
    -4999.09395
    -5008.46166
    -5018.58057
    -5026.31093
    -5032.99713
    -5038.93203
    -5044.32805
    -5048.95720
    -5052.20231
    -5053.51115
    -5052.77503
    -5050.36158
    -5046.91955
    -5043.14696
    -5039.60887
    -5036.61895
    -5034.19199
    -5032.07075
    -5029.83103
    -5027.04182
    -5023.43134
    -5018.99066
    -5013.96793
    -5008.76421
    -5003.80220
    -4999.44036
    -4995.93626
    -4993.41299
    -4991.80889
    -4990.86291
    -4990.18673
    -4989.40380
    -4988.28167
    -4986.79733
    -4985.11527
    -4983.50485
    -4982.24863
    -4981.58615
    -4981.70557
    -4982.76018
    -4984.88034
    -4988.16474
    -4992.66212
    -4998.35562
    -5005.15086
    -5012.85876
    -5021.17911
    -5029.70471
    -5037.95427
    -5045.43254
    -5051.70125
    -5056.43710
    -5060.79841
    -5062.06469
    -5061.60261
    -5059.57723
    -5056.28962
    -5052.16848
    -5047.70432
    -5043.34969
    -5039.43098
    -5036.08197
    -5033.17280
    -5030.25589
    -5026.60647
    -5021.42065
    -5014.13557
    -5004.74006
    -4993.91483
    -4982.90321
    -4973.14322
    -4965.84915
    -4961.76033
    -4961.12334
    -4963.79897
    -4969.36410
    -4977.19131
    -4986.55384
    -4996.76257
    -5007.26241
    -5017.60167
    -5027.30789
    -5035.80855
    -5042.47472
    -5046.74692
    -5048.27134
    -5047.00464
    -5043.25823
    -5037.65216
    -5030.97318
    -5024.00847
    -5017.44121
    -5011.83275
    -5007.63294
    -5005.16778
    -5004.60704
    -5005.92955
    -5008.89123
    -5012.99686
    -5017.52682
    -5021.67783
    -5024.78629
    -5027.87170
    -5028.32678
    -5027.86870
    -5027.02998
    -5026.25904
    -5025.75803
    -5025.44806
    -5025.04958
    -5024.20227
    -5022.57805
    -5019.97847
    -5016.40181
    -5012.04486
    -5007.22417
    -5002.27167
    -4997.47759
    -4993.10914
    -4989.47072
    -4986.93986
    -4985.92293
    -4986.72148
    -4989.35945
    -4993.48054
    -4998.40343
    -5003.32789
    -5007.58970
    -5010.83881
    -5013.07045
    -5014.52162
    -5015.49623
    -5016.20522
    -5016.69914
    -5016.92670
    -5016.86114
    -5016.58004
    -5016.24134
    -5016.01524
    -5016.06455
    -5016.57003
    -5017.70222
    -5019.50586
    -5021.80372
    -5024.22793
    -5026.35502
    -5027.84480
    -5028.52464
    -5028.41839
    -5027.72875
    -5026.76385
    -5025.81255
    -5026.23789
    -5025.55667
    -5024.74060
    -5023.56237
    -5021.95916
    -5020.11938
    -5018.40472
    -5017.13499
    -5016.37888
    -5015.91047
    -5015.35281
    -5014.38451
    -5012.88100
    -5010.94012
    -5008.81620
    -5006.81186
    -5005.19125
    -5004.16826
    -5003.95933
    -5004.81199
    -5006.92626
    -5010.28665
    -5014.51748
    -5018.88192
    -5022.46274
    -5024.44004
    -5024.31631
    -5021.99182
    -5017.70614
    -5011.93191
    -5005.28572
    -4998.45858
    -4992.11943
    -4986.77415
    -4982.65264
    -4979.73009
    -4977.88403
    -4977.05500
    -4977.28544
    -4978.63499
    -4981.06552
    -4984.38405
    -4988.26481
    -4992.32125
    -4996.19117
    -4999.60487
    -5002.41740
    -5004.60664
    -5006.25927
    -5007.54881
    -5010.00706
    -5011.21097
    -5012.54501
    -5014.01828
    -5015.58055
    -5017.12528
    -5018.47403
    -5019.37824
    -5019.54763
    -5018.70396
    -5016.65820
    -5013.39332
    -5009.12649
    -5004.32039
    -4999.61070
    -4995.62540
    -4992.75794
    -4991.05409
    -4990.30826
    -4990.24433
    -4990.59975
    -4991.11841
    -4991.58372
    -4991.93060
    -4992.33202
    -4993.15291
    -4994.78810
    -4997.48646
    -5001.24939
    -5005.81875
    -5010.74454
    -5015.49925
    -5019.57869
    -5022.55967
    -5024.14250
    -5024.22098
    -5022.96311
    -5020.83693
    -5018.52571
    -5016.73387
    -5015.96490
    -5016.38779
    -5017.86170
    -5020.08537
    -5022.76245
    -5025.69734
    -5028.80643
    -5032.07134
    -5035.46591
    -5038.87655
    -5043.37733
    -5045.90497
    -5047.30779
    -5047.28362
    -5045.90332
    -5043.69050
    -5041.44885
    -5039.86378
    -5039.11343
    -5038.77629
    -5038.08397
    -5036.30025
    -5032.99747
    -5028.15896
    -5022.14340
    -5015.53779
    -5008.93492
    -5002.74546
    -4997.17486
    -4992.34680
    -4988.41007
    -4985.51044
    -4983.68030
    -4982.77812
    -4982.53617
    -4982.67590
    -4983.01498
    -4983.50163
    -4984.15062
    -4984.91028
    -4985.54235
    -4985.60854
    -4984.59810
    -4982.13647
    -4978.15719
    -4972.94042
    -4967.00330
    -4960.93645
    -4955.32352
    -4950.76451
    -4947.88649
    -4947.24696
    -4949.17481
    -4953.66103
    -4960.34058
    -4968.53228
    -4977.29530
    -4985.51570
    -4992.06563
    -4996.02938
    -4998.11866
    -4995.97845
    -4991.32703
    -4985.07902
    -4978.37386
    -4972.40522
    -4968.22225
    -4966.52000
    -4967.50235
    -4970.89707
    -4976.10258
    -4982.37042
    -4988.95266
    -4995.21492
    -5000.72627
    -5005.30870
    -5009.01877
    -5012.06218
    -5014.66184
    -5016.91949
    -5018.71966
    -5019.73055
    -5019.51991
    -5017.74269
    -5014.31718
    -5009.51480
    -5003.93666
    -4998.38950
    -4993.68742
    -4990.42139
    -4988.77799
    -4988.50523
    -4989.05567
    -4989.83276
    -4990.41554
    -4990.66813
    -4990.71344
    -4990.82185
    -4991.28833
    -4992.33499
    -4994.03434
    -4996.25769
    -4998.67508
    -5000.84342
    -5002.37033
    -5003.06902
    -5003.00979
    -5002.44463
    -5001.68202
    -5001.00214
    -5002.01754
    -5002.17120
    -5002.94010
    -5004.38209
    -5006.51338
    -5009.35430
    -5012.95719
    -5017.38670
    -5022.65318
    -5028.62700
    -5034.97863
    -5041.19184
    -5046.66326
    -5050.85223
    -5053.41560
    -5054.26117
    -5053.50146
    -5051.35447
    -5048.07433
    -5043.96207
    -5039.42378
    -5034.99265
    -5031.25817
    -5028.70508
    -5027.52953
    -5027.53525
    -5028.18786
    -5028.82958
    -5028.95722
    -5028.43364
    -5027.53642
    -5026.81837
    -5026.83700
    -5027.86299
    -5029.70127
    -5031.71730
    -5033.06394
    -5033.00557
    -5031.18414
    -5027.72265
    -5023.14151
    -5018.15084
    -5013.42159
    -5009.43069
    -5006.41651
    -5004.43057
    -5003.42651
    -5003.31650
    -5003.97292
    -5005.21166
    -5008.21422
    -5010.05154
    -5012.04971
    -5014.29716
    -5016.92760
    -5020.00762
    -5023.47583
    -5027.16575
    -5030.87737
    -5034.43587
    -5037.70938
    -5040.59701
    -5043.01884
    -5044.92696
    -5046.32970
    -5047.30424
    -5047.97339
    -5048.43417
    -5048.65504
    -5048.41635
    -5047.37933
    -5045.27271
    -5042.06850
    -5038.01353
    -5033.51126
    -5028.96650
    -5024.70249
    -5020.96694
    -5017.96153
    -5015.82671
    -5014.58310
    -5014.10642
    -5014.20263
    -5014.73140
    -5015.65280
    -5016.93718
    -5018.43156
    -5019.82132
    -5020.70719
    -5020.72059
    -5019.62288
    -5017.36834
    -5014.10940
    -5010.13066
    -5005.74385
    -5001.21307
    -4996.75103
    -4992.56998
    -4988.94996
    -4986.28795
    -4986.40805
    -4986.97526
    -4989.39494
    -4993.44493
    -4998.72068
    -5004.74841
    -5011.07078
    -5017.32179
    -5023.27458
    -5028.82533
    -5033.90916
    -5038.40519
    -5042.11477
    -5044.84360
    -5046.51542
    -5047.20261
    -5047.04663
    -5046.14516
    -5044.51192
    -5042.12410
    -5038.99658
    -5035.22421
    -5030.98129
    -5026.48869
    -5021.96177
    -5017.54938
    -5013.28920
    -5009.11946
    -5004.95969
    -5000.80813
    -4996.78518
    -4993.11324
    -4990.03699
    -4987.65779
    -4985.73410
    -4983.67633
    -4980.86600
    -4977.07539
    -4972.64681
    -4968.33225
    -4964.94195
    -4963.02548
    -4962.71960
    -4963.75931
    -4965.60890
    -4967.67000
    -4969.48586
    -4970.84487
    -4971.75283
    -4972.33462
    -4974.01081
    -4974.46619
    -4975.10821
    -4976.11158
    -4977.64836
    -4979.84168
    -4982.69184
    -4986.08016
    -4989.87902
    -4994.06026
    -4998.69913
    -5003.89398
    -5009.69216
    -5016.06966
    -5022.93850
    -5030.14282
    -5037.44477
    -5044.53146
    -5051.03895
    -5056.56541
    -5060.67790
    -5062.96321
    -5063.13881
    -5061.15986
    -5057.24630
    -5051.81318
    -5045.34273
    -5038.25681
    -5030.84253
    -5023.25974
    -5015.61526
    -5008.05652
    -5000.83612
    -4994.31881
    -4988.93142
    -4985.08893
    -4983.13109
    -4983.29531
    -4985.71735
    -4990.41527
    -4997.21991
    -5005.68626
    -5015.07603
    -5024.45890
    -5032.89652
    -5039.65609
    -5044.40907
    -5047.32494
    -5048.92173
    -5049.65474
    -5050.84386
    -5049.29694
    -5045.57910
    -5039.16806
    -5030.03139
    -5018.69403
    -5006.14560
    -4993.62293
    -4982.32940
    -4973.19142
    -4966.73970
    -4963.11912
    -4962.15463
    -4963.41570
    -4966.29212
    -4970.10812
    -4974.25373
    -4978.28386
    -4981.95614
    -4985.21887
    -4988.17455
    -4991.02110
    -4993.96963
    -4997.15852
    -5000.60998
    -5004.24431
    -5007.91378
    -5011.42658
    -5014.59348
    -5017.30509
    -5019.56528
    -5021.41659
    -5022.79666
    -5023.43953
    -5022.89770
    -5020.67685
    -5016.42243
    -5010.08931
    -5002.04045
    -4993.04050
    -4984.12559
    -4976.36082
    -4970.56547
    -4967.13106
    -4966.00795
    -4966.82740
    -4969.10383
    -4972.46165
    -4976.73991
    -4981.82671
    -4988.61977
    -4993.94109
    -4998.29102
    -5001.21799
    -5002.70566
    -5003.13877
    -5003.16362
    -5003.50232
    -5004.74966
    -5007.18942
    -5010.69696
    -5014.79635
    -5018.85541
    -5022.29596
    -5024.67755
    -5025.64650
    -5024.88979
    -5022.21916
    -5017.74353
    -5011.98087
    -5005.80618
    -5000.24314
    -4996.19278
    -4994.21193
    -4994.40701
    -4996.44200
    -4999.63461
    -5003.12297
    -5006.07481
    -5007.87819
    -5008.24838
    -5007.23358
    -5005.14645
    -5002.45965
    -4999.68500
    -4997.25049
    -4995.40538
    -4994.19361
    -4993.50863
    -4993.20273
    -4993.19244
    -4993.50713
    -4994.25985
    -4995.55904
    -4997.40962
    -4999.65570
    -5002.00232
    -5004.10921
    -5005.70786
    -5006.68540
    -5008.51133
    -5008.61153
    -5008.65829
    -5008.95120
    -5009.71055
    -5011.01947
    -5012.80486
    -5014.84999
    -5016.82685
    -5018.34859
    -5019.06368
    -5018.78616
    -5017.61242
    -5015.95340
    -5014.44157
    -5013.71723
    -5014.16309
    -5015.71385
    -5017.85979
    -5019.84432
    -5020.93153
    -5020.60696
    -5018.66330
    -5015.20463
    -5010.59904
    -5005.38720
    -5000.15800
    -4995.43491
    -4991.62907
    -4989.03941
    -4987.80166
    -4987.76707
    -4988.46239
    -4989.22375
    -4989.37716
    -4988.34605
    -4985.72002
    -4981.35823
    -4975.50207
    -4968.80176
    -4962.18922
    -4956.61795
    -4952.76352
    -4950.81143
    -4950.45145
    -4951.10435
    -4952.26389
    -4953.77243
    -4955.90716
    -4959.25432
    -4965.74817
    -4973.18500
    -4982.84297
    -4994.32941
    -5006.95435
    -5019.82005
    -5031.89508
    -5042.11804
    -5049.55566
    -5053.57365
    -5053.95500
    -5050.93182
    -5045.13656
    -5037.50510
    -5029.16322
    -5021.31094
    -5015.10056
    -5011.50549
    -5011.19386
    -5014.41220
    -5020.90606
    -5029.94087
    -5040.44545
    -5051.20605
    -5061.05254
    -5069.03861
    -5074.56990
    -5077.39245
    -5077.45329
    -5074.76113
    -5069.35390
    -5061.37415
    -5051.18077
    -5039.41593
    -5026.97837
    -5014.89571
    -5004.13189
    -4995.39362
    -4989.00915
    -4984.91518
    -4982.75954
    -4982.09576
    -4982.60321
    -4984.22798
    -4987.15494
    -4991.61612
    -4997.64695
    -5004.93508
    -5012.83339
    -5020.50307
    -5028.57651
    -5033.47823
    -5036.34241
    -5037.32935
    -5037.07360
    -5036.49525
    -5036.45707
    -5037.47202
    -5039.61446
    -5042.58095
    -5045.79063
    -5048.50961
    -5050.02526
    -5049.82576
    -5047.70830
    -5043.77140
    -5038.32259
    -5031.77042
    -5024.55276
    -5017.08833
    -5009.70888
    -5002.58989
    -4995.74566
    -4989.11482
    -4982.67653
    -4976.52480
    -4970.87707
    -4966.04871
    -4962.42090
    -4960.39884
    -4960.33675
    -4962.42851
    -4966.59946
    -4972.46061
    -4979.35856
    -4986.50570
    -4993.14225
    -4998.67742
    -5002.77469
    -5005.36293
    -5006.58085
    -5006.68733
    -5005.97486
    -5004.70836
    -5003.08618
    -5001.22373
    -4999.16934
    -4996.96858
    -4994.77344
    -4992.93984
    -4993.30621
    -4993.77028
    -4995.79052
    -4999.20865
    -5003.74224
    -5009.13797
    -5015.08845
    -5021.08308
    -5026.46695
    -5030.73382
    -5033.79493
    -5035.98105
    -5037.78807
    -5039.57245
    -5041.40297
    -5043.10422
    -5044.38671
    -5044.95427
    -5044.56502
    -5043.07625
    -5040.48441
    -5036.94077
    -5032.71781
    -5028.13652
    -5023.49523
    -5019.04603
    -5015.03065
    -5011.73099
    -5009.46217
    -5008.47391
    -5008.82132
    -5010.30083
    -5012.48828
    -5014.85676
    -5016.92296
    -5018.36293
    -5019.06058
    -5019.09453
    -5018.68869
    -5018.13928
    -5017.71639
    -5017.55787
    -5017.60288
    -5017.61976
    -5017.32363
    -5016.51354
    -5015.13763
    -5013.26013
    -5010.98560
    -5008.42413
    -5007.12878
    -5004.54448
    -5002.35622
    -5000.87671
    -5000.34204
    -5000.88604
    -5002.56227
    -5005.34929
    -5009.10424
    -5013.50774
    -5018.07070
    -5022.22141
    -5025.43041
    -5027.30752
    -5027.63314
    -5026.32836
    -5023.41277
    -5019.00048
    -5013.33192
    -5006.81573
    -5000.05609
    -4993.80559
    -4988.75694
    -4985.23001
    -4983.02181
    -4981.60163
    -4980.49397
    -4979.55649
    -4979.04445
    -4979.48407
    -4981.38218
    -4984.89209
    -4989.66422
    -4994.98382
    -5000.04984
    -5004.20258
    -5007.04344
    -5008.47210
    -5008.66667
    -5008.01151
    -5006.98156
    -5006.01691
    -5005.43006
    -5005.36189
    -5005.77330
    -5006.45491
    -5007.08769
    -5007.38762
    -5007.27666
    -5006.95088
    -5008.08211
    -5008.46279
    -5009.58005
    -5011.47883
    -5014.05829
    -5017.09456
    -5020.24655
    -5023.07024
    -5025.07037
    -5025.80737
    -5025.03714
    -5022.82187
    -5019.54057
    -5015.77184
    -5012.09739
    -5008.93574
    -5006.51282
    -5004.97724
    -5004.54032
    -5005.47453
    -5007.91444
    -5011.60220
    -5015.81368
    -5019.56229
    -5021.94983
    -5022.44263
    -5020.94370
    -5017.68496
    -5013.07074
    -5007.58326
    -5001.76430
    -4996.21080
    -4991.53949
    -4988.33176
    -4987.10291
    -4988.28872
    -4992.15051
    -4998.54757
    -5006.78371
    -5015.79430
    -5024.52176
    -5032.09168
    -5037.76011
    -5040.89545
    -5041.10679
    -5038.40300
    -5033.26766
    -5026.62946
    -5019.73885
    -5013.95921
    -5011.75097
