        0.50111        0.62927        0.16152
       -0.14291        0.51041       -0.28447
        1.17676       -0.31688       -0.18660
       -0.49594       -2.42003        0.01371
       -1.12055        0.19547        1.10143
       -0.08275        0.22133       -0.20788
       -0.86405        0.87979       -1.21613
       -0.61075       -0.94216        0.62692
       -0.28842        0.46892        0.17980
        1.38222       -0.14322        1.28281
        1.40159       -0.84523        0.37386
        1.32318       -0.38264       -0.78101
        0.44554       -1.04991       -0.58612
       -1.01168        0.31446        2.64644
       -0.09326        0.63727        0.16082
        1.11570        1.13236        0.55069
       -0.05417       -0.72378       -1.58058
        0.64283       -0.27457        1.69443
        0.44330        0.55896       -1.05747
        1.18025        0.89215        1.11896
        0.44668        1.25053       -0.58357
       -0.43994        1.38253       -0.27699
        0.89736       -0.65293       -1.05746
       -0.71945        0.49897       -0.76761
        0.70958       -1.29589        1.48249
        0.98368        0.65612        0.33487
       -1.44685        0.78247        0.89880
        0.49475        0.71457       -0.47190
       -1.35606        1.28220       -0.27443
       -1.73726       -0.90283        1.05549
        0.69571       -0.35731        0.79805
        1.20007       -0.21013       -0.48902
       -0.01554        1.53120        0.57339
       -0.24166        0.12085        1.17842
       -0.94831       -0.12819       -1.63100
       -0.12019       -0.80747       -1.17882
        0.62927       -0.20937        2.32422
        0.92915        0.14045       -0.02232
       -0.50057       -0.15954        0.72225
       -1.60154        0.04714        0.60349
       -0.42913        0.22443       -0.63621
       -0.33400        0.54517       -0.64589
       -0.65220       -0.70939        0.92713
        0.90645       -0.05101       -0.11865
       -0.74924        1.54841       -0.61989
       -1.73330       -0.93937        0.60275
       -1.44549       -0.87111        0.21762
        0.02796        0.83843       -1.47725
        1.34097       -0.79156       -0.84050
        0.94847        0.65397        0.16454
        1.32942       -1.37682       -0.45378
        1.04910       -0.64088       -0.13206
        1.11147        0.97387       -0.50942
        2.42861       -0.09222        0.91233
        0.37073       -1.06623       -1.43157
       -0.48074        2.26945        0.00274
       -2.88448       -1.78122       -0.69919
        0.64966        0.13191       -0.97453
        0.59970       -0.85434        0.71705
       -0.68042       -1.08644       -0.10760
       -0.46554        1.85621        1.28742
        0.63496        1.26646        0.37627
        0.83985       -1.42036        0.97297
        0.39143       -0.07327        1.62100
       -0.16587        0.51703       -1.21126
        0.00092        0.84049        0.64291
       -0.27588       -0.08314       -1.00210
        1.40382        0.11082        0.03725
       -1.53244       -2.01342       -0.06594
        0.67512        0.35180        0.41721
       -0.23207        0.61225        1.54821
        0.28266        1.41829        1.35236
       -1.18213        1.43360        0.61705
       -0.25210       -0.65982       -1.19115
        0.23743       -0.47394        1.02542
       -0.62476       -0.37139       -0.32867
        0.61782        0.35617        0.78629
       -0.00727       -0.26879        0.97911
       -0.63403       -0.94484        0.82027
        0.43747       -0.50240       -0.79067
       -0.29870        0.61167        1.08797
       -0.45755        0.80429        0.49959
        0.38021       -0.49459       -0.51534
        1.05785       -0.68000       -0.55947
       -0.65278        1.11876        0.72823
        0.04322       -0.11100        0.71443
       -0.05522        0.35610        1.97840
       -1.29132       -0.74725       -1.13123
        0.17490        0.34682       -1.21373
        0.54615        0.55160       -0.04444
       -0.52558       -1.19440        1.32552
        0.37840        0.05938       -0.99384
       -0.61296        0.73665       -0.22146
        0.21461       -0.61736       -0.34139
       -0.42601       -0.35874       -2.35747
       -1.36758       -0.79417       -0.21022
        0.28210        0.14666       -2.41322
       -0.62240        0.50970       -0.17277
       -0.75219        1.33825       -0.75336
        0.35565        1.80273       -1.22251
       -0.20068       -0.18907       -1.20542
        0.27387        0.89420        1.37536
       -1.41386       -0.07109        1.18837
        0.18559       -0.95310        0.33922
       -2.46924       -0.39657        0.00082
        0.37638       -0.27252        0.36381
       -0.37583        0.84446       -2.51391
        0.78715       -0.85568       -0.91980
       -0.97161       -1.16809        0.08364
        1.59069       -1.17830        1.32377
       -0.48468       -0.54167        0.16049
       -0.03897       -0.35808        1.68031
        0.07209        1.04944        0.50642
        0.55662        0.77894       -1.12564
       -0.69970        0.94476        1.83104
       -0.49212       -0.93034        0.21080
       -0.58458        0.05772        0.64299
       -1.36821        0.84997       -0.51640
        0.88845        0.88246       -0.02205
       -1.63334       -1.37888       -0.21406
        1.31787       -0.69366        0.82029
        0.81708        0.78598       -1.15677
        1.99152        1.37817       -1.16447
       -0.94919        1.06878       -0.99927
       -0.40746       -0.31217       -0.05789
        0.88018        1.22110       -0.11027
        0.09545       -1.27071       -2.45925
       -0.24894       -0.51191        0.05977
        0.44134       -0.80608       -0.45032
       -0.05531       -0.56158       -0.51238
        1.49926        0.76588        1.30244
       -0.86754        1.01615       -1.13332
        0.70421        1.90131       -0.71484
       -0.50283       -0.34517        0.01252
        0.71127       -1.26414        0.22702
       -0.05352        1.07561       -0.83702
        0.52518       -0.46769        0.66048
       -1.62688       -0.27378       -0.82046
       -0.09004        0.35380       -0.30588
       -0.73956        0.15105        0.35977
       -0.66868        1.03709        1.03688
       -0.32483       -1.29652        0.14819
       -0.30175        0.27026       -0.16571
       -0.47437       -0.71809        0.11404
        0.12573        0.33575       -0.18730
       -0.74447        2.10876       -0.57486
        0.15722        0.06132       -0.89746
        0.17955        2.03650        0.02780
        0.79115        0.43749       -0.51822
       -0.75914        0.75179       -0.47009
       -0.17568        0.23743        1.04083
       -0.89138        2.00568        0.77246
       -1.52357        0.20039       -1.84115
       -0.65586       -0.17425       -0.71084
        1.13780        0.70402        0.95930
        0.33101       -1.87899       -0.07656
       -1.98816        0.51881        0.01108
       -0.68190       -0.39392        0.32499
       -0.35907        0.49597       -1.60727
       -0.02069        1.90210        0.69440
       -0.43883       -0.77383       -0.17348
        1.39198       -0.53217        0.31000
       -0.38575        1.06623       -0.14692
       -0.96644        0.47281        0.43130
        0.67153       -0.59051        1.13092
       -0.48884       -1.38329        0.55043
       -0.03792        0.51500        0.88320
        0.65709       -0.73302       -0.90375
        1.95448       -1.97818       -1.33911
        0.06099       -1.16579       -1.55039
       -0.21698       -1.17742       -1.05301
       -0.48933        0.26160       -0.04179
       -2.03516       -2.07289        0.58721
        0.14774       -0.49551       -1.12186
       -1.66784        1.67617       -1.00672
        0.65126        0.73427        0.96839
        0.18144       -0.46491       -1.19653
        0.57894        0.36560       -0.01119
        2.36293        0.41682        1.25073
        0.51868        0.86266        0.41304
       -0.24731       -0.28138       -1.24497
       -0.69205        0.34076        1.56893
       -0.27015       -0.98902        0.08562
        0.23145        1.65477       -1.70877
       -0.91084       -0.38869       -0.10389
        0.10224        0.88421        0.88465
        0.88138       -0.71879       -1.04703
        0.76364        0.42551        1.92599
        0.33973        0.17778       -0.47462
       -0.07151        0.53635       -0.03827
        0.36288        0.56048        0.47296
       -0.94517        0.18992       -0.55031
        0.11399       -0.25957       -0.48586
       -1.39931       -0.69646       -1.29667
        1.01053        2.36013       -0.59036
        0.35110        0.12849        0.06067
        0.15851        1.27360       -1.92707
       -0.61852       -0.37086        0.42342
        1.03092       -0.33466       -1.06912
        0.54755       -1.00845       -1.40845
        0.78215        0.97475        0.55594
        0.13891       -0.96967       -0.07209
        2.21977       -0.55899       -0.22899
        1.52315       -0.07272       -1.54777
        0.33586       -0.42267        0.03705
        0.45790        0.82735       -1.02397
       -0.20810       -1.76737       -0.83383
       -1.11923       -1.03016        0.76766
        1.35074        0.41059       -0.47017
        0.07811       -0.31290        1.09024
       -2.64605       -0.47579        1.11389
        0.60599       -1.60722        0.21404
       -0.77917        0.70329        0.24182
       -0.26320       -0.44387       -2.04791
        1.09888        0.68079       -0.54690
       -0.57322        1.06172       -1.37560
        0.89959       -0.63991       -1.81609
       -0.66104        0.57321       -0.52028
        1.70920       -2.11310       -0.08355
        1.08115       -1.29250       -0.26812
       -1.17130        0.37761        0.45848
       -0.08741        0.45840        0.74471
        0.93681        0.94814       -1.06403
        0.18554        0.93557        0.37415
       -1.09466       -1.27639        0.16781
        0.88106       -0.56101        0.04470
        0.46333        1.21870        2.23593
       -0.75351        1.19104        0.23317
       -0.12789       -0.88576       -0.61660
       -1.79305       -1.02516       -1.28343
       -0.55244        1.28964        1.16186
        0.58813        1.34123       -0.51281
        0.34430        0.25027        0.82497
       -1.05709        0.87570       -0.15564
        1.54662        0.12846       -0.16754
       -0.39824       -0.80376        0.22436
        1.74092        1.11039       -0.23948
       -2.56030        0.69822       -0.17157
        0.14676        0.23491       -1.50477
        1.59864        0.79247        0.95520
       -1.70366        0.89864        0.96977
        1.82075        0.20971       -0.66207
       -0.34940       -1.08882        2.14268
        0.36349       -0.73706       -1.53721
        0.20823       -0.02134        0.37295
       -0.37717        0.01392       -0.61417
       -0.50101        0.47849       -0.74593
        0.49981        0.19899        0.40037
       -0.21957        0.59975        0.36091
       -0.12718        1.43565       -0.63145
       -0.23652        1.44173        1.02541
        0.28780        0.33598        0.49931
       -1.00396        1.37072        0.43156
        0.25450       -0.50595       -1.63321
       -0.37243        1.10881       -2.08862
        0.26813        0.54255        1.38469
        2.85957        1.29161        0.59720
        0.28889       -0.44516       -1.77401
        0.88107       -0.64551        0.67046
       -0.23104        0.52955        0.57187
        0.68887        0.19973       -0.24689
        1.18921       -0.71377       -0.23886
       -0.50853       -0.77638        1.03385
       -1.21705        1.68027        0.60554
       -2.05344        0.00418       -0.13122
       -0.81678       -0.29773        1.57694
       -0.22695        0.29295       -1.01050
        0.63148       -1.35402        1.06569
        0.80176        0.94907        1.91268
        0.45357        1.49624       -0.48032
       -0.17516        0.94716        0.68326
        2.06641       -0.38113       -0.75414
        1.01231        0.61379       -0.00594
        0.00656        0.40879        0.12828
        0.70619       -1.31588        1.73093
       -1.41605        0.56436       -0.95143
       -1.15961        0.98460        1.63858
        1.12809       -0.56822        0.98084
       -1.25672        0.38352        0.83446
       -1.11608       -0.58733       -0.62307
       -0.19707       -0.20830       -0.00964
        0.61628       -0.16331       -1.45692
        1.52478        1.10506       -1.44290
        0.26352        0.48397        0.04943
       -0.82143       -0.33023        1.15597
        0.70159        0.37339        0.66953
       -0.49998       -1.75836       -1.12683
        1.50540       -0.09810        1.71580
        0.05203       -0.62581       -0.10255
        0.44653        0.68247        0.60981
        0.37528       -0.74291       -0.62008
       -0.66677       -0.99475       -0.13732
        0.51883       -0.78571       -0.56227
        0.03551        1.18140        0.36848
       -1.08480       -0.99169       -1.55977
       -0.27774       -1.51918        1.31681
       -1.42616       -0.58551       -0.85310
       -0.44517       -0.44306       -1.07409
       -0.58078        0.07225        0.28150
       -0.68828       -0.44901       -0.40643
        0.33946       -0.43499       -1.93724
        0.54499        1.56424       -0.83226
       -0.42039        0.33281        0.53894
       -2.13499       -0.17198       -0.17293
       -0.95243       -2.21953        0.98849
       -1.34641       -0.78382        0.83826
       -0.89791        0.45445       -0.59929
        0.43157       -1.22942       -0.38645
        0.30340        0.46378       -0.50543
        0.13613       -1.47068        0.74702
       -1.35938        0.12631       -0.97344
       -1.40193       -0.87627       -0.05839
        0.55975        0.43997        0.82924
       -0.30558        0.14880       -0.02875
       -0.13624        0.51652       -0.41080
        0.05580       -1.20467        0.19312
        1.30237        0.42428        0.69987
        0.94621       -1.18873        0.78462
        2.01588       -0.05043        0.88535
       -1.53556       -0.24195       -0.44157
        0.12292       -0.61152       -0.04854
       -0.48016       -0.76570       -2.02671
       -0.47672       -0.79588       -0.21149
        0.30993        0.19052        0.09628
       -1.18007       -1.80960       -0.70461
        1.27477       -0.16609       -1.17793
       -1.18529        0.24086       -0.82463
       -1.40088        1.64803       -0.78190
       -1.78296        0.70747       -0.44171
       -0.53044        0.01834       -0.43151
        1.39056        0.29758        0.29104
       -0.47084        0.22929       -3.00375
        0.23194       -0.84344       -0.30840
       -0.88849       -1.93857        0.36831
        0.85799        0.57586       -1.71798
        0.71279        0.91482       -0.76928
       -0.59452        0.43044       -0.75861
        0.72159       -0.69982       -1.64695
       -1.11059       -0.59773        0.02734
        0.20355        1.35560       -0.27673
        0.06260        0.15904        1.17174
        1.03201       -0.70616       -0.09436
        0.11420        0.61167       -0.55597
       -0.87619       -0.03024       -0.79123
        2.21710        0.35282       -0.35987
       -0.55005       -1.55204       -1.25266
        0.15129       -0.54236        1.72086
        0.58623        1.32972        0.31208
       -0.31177       -0.48696       -1.11328
        0.65512       -0.90111       -0.10954
        0.35418        0.43722       -1.08242
       -0.34824       -0.39072       -0.06833
        0.57289        0.80604        1.04535
       -2.11679       -0.37775       -0.84127
        0.61834       -0.41492        0.70248
        0.00612       -1.54928       -0.28326
       -1.64440        0.15653        0.30040
        1.54765       -0.18209       -0.66053
       -0.41379        1.09426        0.50880
        0.71644        1.01692       -0.13698
        0.33624       -0.58141       -1.30154
        0.07199        1.28549       -0.35112
        1.24175       -0.75809        0.96825
       -0.12546       -1.92348        0.14903
       -0.29758        0.28339        0.50947
       -0.23784       -0.52479        0.14645
       -0.80780       -0.92189        0.23085
        1.25104        0.44777        0.06575
       -0.15164        1.23343        0.54842
        0.64660       -2.27961        0.42339
        1.71531       -0.43524       -0.62693
        0.59891       -0.31252        0.95689
        0.08323        1.15027       -1.25428
       -0.92445        0.57024        0.44226
       -0.72435       -0.37677        0.91313
       -0.12663       -0.50549        1.17405
       -1.12429        0.25066        0.07059
        0.99097        0.05699        1.87506
       -0.85887       -0.39496        0.73913
        0.04268        0.26585       -0.61364
       -1.21230        0.50266        0.78666
        1.42114       -0.81236        1.42885
        1.64801       -0.89219        1.46834
        0.31163        0.11984        0.93603
       -0.17413       -0.88913       -1.47294
        0.21699        0.21515        0.23019
        0.56539       -0.97352        0.40698
       -0.10243       -1.81972       -0.50017
        1.93526        1.57819       -1.58909
       -0.96508       -0.09793        0.18500
        0.21822       -1.61541        1.29936
       -0.38049       -0.98116       -1.15038
        0.94048        0.72844        0.79159
        0.52464       -0.38925       -0.22317
       -0.18482       -0.75751        2.48398
       -0.16407        0.77202       -0.17119
        1.28983        0.63717        0.08080
        0.93498        0.78428       -1.16798
       -2.01631        0.22100       -1.85834
        0.10375        0.83480        0.40483
       -0.04316        0.12962       -0.80238
        0.02521       -0.52469        0.15343
       -0.20369       -0.89786        0.61258
       -0.23658       -1.66143       -1.50319
        0.51997       -1.40660       -0.43511
        1.11276       -0.90978       -0.72767
        0.22329        0.48392        0.29065
        1.21931        0.90492       -1.09745
        0.12914        1.38653       -0.44027
        0.67288        0.22621        0.51983
       -0.82871        1.58270        0.43338
        0.11681       -0.15752       -1.59123
        1.62209        0.40473        0.31419
       -0.33276        1.56783        0.70276
        0.92447       -1.93731        1.30582
       -1.23442        0.53193        1.55197
       -0.88145        0.78651        0.11071
        0.03471        0.43987        2.16928
       -2.03900       -0.34360       -0.64426
        0.24870       -0.73534        1.37345
       -0.84359       -0.40169        0.39106
        1.17891        0.36261       -1.36641
        1.24357        0.75640       -0.32896
        0.35273        0.52761        1.58206
        1.39330        1.79461        1.95837
       -1.49001       -0.66131       -0.12848
        0.28707       -1.09991        2.50304
       -0.39613       -0.10315        1.08924
        1.21583       -0.33858        1.58952
        2.23662        0.19979       -0.97287
        0.71798        0.60833        0.08927
       -0.86157       -0.35097        1.49577
        0.12050        0.68636        0.94043
        1.89216       -0.96301       -0.49724
        0.43111        0.11977        0.23562
       -1.14187        1.05439       -0.15755
        1.47886        0.49289        0.03211
        0.08718       -0.96337        0.63979
        0.71467       -1.41080        0.07870
        0.86407        0.13825       -0.27209
       -0.30503       -1.32296        0.12447
       -1.09619       -0.55991        1.17500
       -1.13849        0.59551       -0.99311
        0.48484       -0.61798       -0.90336
       -0.12827       -0.40457       -0.38187
       -1.65931       -0.29301       -0.43042
       -0.33339       -0.79776        1.17221
        0.29019       -0.04091       -1.74782
        0.15332       -0.45891        2.28141
       -0.21641       -0.02407       -1.88874
       -1.94969       -0.20588       -0.19239
       -0.22838       -0.11546        1.16287
        1.15971        2.19669        1.18964
       -1.05130        0.80143       -0.12798
       -0.57638        0.63558       -1.12134
       -1.22040       -0.61758        0.55431
       -1.48136        0.40097        0.10751
        0.74708       -0.37423        0.70949
        0.80383       -0.18516       -0.27917
       -0.52262        0.58016        0.42547
       -1.10013       -1.94930        0.43615
       -1.29002       -0.85082        0.75048
       -0.63919       -1.41656        1.52148
        1.24275        1.00846        0.34153
       -0.32355       -0.64111       -1.18092
        0.11094        0.19176        0.30107
       -1.56518        0.96348       -1.69845
       -0.30319        1.86866        0.42973
       -0.27057       -1.24075        1.81015
        1.16437       -1.72486        1.18646
       -0.20913       -1.26264       -0.58517
        0.75738       -0.04350       -0.58378
       -0.72695       -1.22876       -0.26393
       -0.41801        0.34712       -0.28184
       -0.26649        0.26434       -0.59470
       -0.59818       -2.53819        0.17965
        1.01346        0.36908        2.05494
        0.32096       -0.97873       -0.74081
        2.38661       -0.54867       -1.20754
        0.96621        1.86623       -0.13367
        0.15772        0.14363       -0.16773
       -0.99630       -1.90915        0.32080
        0.15832        0.13080        0.05337
        0.03799        0.38752       -0.04187
        0.21105        1.17663       -0.32082
        0.63994        0.82462        0.70460
        0.13515        1.88881       -0.20534
       -0.68848        0.66261       -0.25738
       -0.38114        1.48721       -2.10518
       -0.84604       -0.44523        3.09148
       -0.23971        1.03270        1.59209
       -0.25168       -0.03810        0.01477
       -1.00182        0.48012        0.43689
        0.41590       -1.11991        1.50332
       -1.63045       -1.86595       -0.22433
       -0.21964        0.39519       -0.40276
       -1.80660       -0.15830        1.11812
       -0.99243        1.40495        0.58691
        0.20997        1.04924       -1.13395
        0.05352        0.88130       -0.25300
        0.78666        1.15967       -0.66874
        0.82061        0.64490       -1.52186
        0.39717       -1.00803        0.97785
        1.16365        0.18251        0.97406
       -0.48707        0.66274        0.78782
        0.42217       -0.35965       -0.04518
       -1.88181        0.57679        1.25420
        0.07337       -0.49070       -1.14726
       -0.37606       -0.24938       -0.27326
       -0.22833        0.34778        0.57344
       -0.03147        2.04677       -0.31759
        0.32563       -1.09802       -1.59925
       -0.43034       -0.25497       -0.18883
        2.32318        0.31897       -0.67039
       -1.43137       -1.22745        0.01905
       -0.73508       -1.13612        0.04403
       -0.64831        0.08120       -2.05615
       -1.34953       -0.81223       -1.18192
        0.60134       -1.36688       -1.26436
       -0.83256        0.93430       -0.63565
        0.35946        0.48089       -2.07823
       -0.69956       -1.41720       -0.32387
        1.30698       -0.45423       -1.46724
       -0.67988        1.09812       -1.09428
       -0.09476       -0.31165       -1.66807
       -0.44480       -1.05644        1.29001
        0.19143       -1.49341       -2.44543
       -0.29827       -0.70522       -0.92500
        0.45981       -0.39741       -1.26202
        1.18791       -0.41805       -1.43310
        0.90206       -0.11725       -0.57164
       -0.32389       -1.31750       -2.59023
        0.25624        0.45529        0.36327
        1.34986       -0.10049        2.61845
        1.00103       -0.22368        0.28544
        1.19042        0.46492        0.54502
       -0.49695       -0.30867       -0.19560
       -0.93449       -0.53024        1.07274
       -1.48361        2.89478        0.30446
       -0.91304        1.67836       -0.52288
        0.24405       -1.65844        0.61337
        0.71673       -0.96449        1.55688
       -0.57228       -1.43307        0.19193
        0.55958        0.61784        0.65067
        0.17040        0.26435        0.01398
        0.38919        1.59659       -1.35312
       -1.05602       -1.48604       -0.73875
        1.62164       -0.20573        2.09492
       -1.59267        0.23028        0.35426
       -0.24769       -0.05030        0.67749
       -0.11344       -1.19191        1.13831
       -1.49010        0.59894       -0.24068
        0.66937        0.27057       -0.93393
       -1.50515       -0.34883        1.97707
       -0.29824        1.22352        0.34067
        1.03119       -0.18875        0.21687
       -0.96686        0.24934        1.15886
       -2.89736       -0.37494        0.29779
       -0.13804       -0.15467       -0.50321
       -0.01011        0.83590        2.00471
        2.34020       -0.80900        0.22457
       -0.86093        0.31667       -0.89717
        0.86837        1.84454        0.21947
        0.04699        1.41072        0.25250
        0.64891       -0.01551        2.57889
       -2.12350       -0.89481        0.34479
        0.19598        0.07623        0.51107
        0.05011       -0.64523       -0.81482
        1.02990        0.25650       -0.71028
        2.26761        0.14806       -0.50941
        1.46378       -0.96639       -0.01232
       -0.83395       -0.82650        0.69549
        1.26449        0.30719       -0.37389
       -0.73353        0.34396        0.25200
        0.14208       -2.69172       -1.85467
        0.29310       -0.21944        0.69064
       -0.35773        0.66100        1.09654
        0.22424       -0.59443        0.40402
        0.66740        0.99514        0.96597
       -0.28489        0.18232       -0.22883
        0.48235       -1.65919       -0.76355
       -2.12140        0.85146       -3.28266
       -2.12245       -2.05577       -0.04121
        0.95062        0.48160        0.46962
       -0.85785        0.16227        0.86574
        2.15955       -0.76936        1.50843
        1.01687       -0.06434       -0.52949
        1.00009        0.54164       -2.00001
        1.17197       -0.53529       -0.36468
        2.98814        0.63987        1.24348
       -1.84348       -1.64078       -0.30173
       -0.22865        2.06935       -0.21007
       -1.34454       -0.55453        0.27319
        1.02088       -0.07674        0.81971
        2.25498       -0.00650       -2.11410
        1.76132        0.19102        0.23904
        0.96134       -1.56634        2.19270
       -0.30859       -1.29285        0.45123
       -0.22812        0.23636        2.19341
        0.43272        0.09606        1.11317
        1.32471       -2.24033        0.23958
        0.96586        0.14125        0.38115
        1.42074       -0.05597        0.28546
       -0.66193        0.61433        0.71371
       -0.70971       -2.27446        0.54468
        0.24271        1.15903        1.36342
       -0.15739        0.91075       -1.98044
        0.01833        0.70719       -0.97781
        1.03405       -1.69894        1.52737
        1.61833       -1.26649        0.19544
        0.81324        0.71791       -0.06129
       -0.65669        2.78505        0.16893
        0.72288        1.50438        1.71870
        1.00986       -0.54287       -1.99805
       -1.72709       -0.08918        0.26610
       -0.39017       -1.10358       -1.36830
       -1.13607       -0.43512       -0.22530
        1.51709        0.77151       -1.17993
       -0.10347       -1.07569        1.23610
       -1.40817        1.95746       -0.09995
        1.49533       -0.51826        2.03956
        0.95686        0.67638       -0.72444
        0.65977        1.67074       -1.08504
       -1.64999       -0.52145        1.54345
       -0.19564       -0.87847       -1.21769
        0.57382       -0.54446        0.35953
        0.02341       -0.75265       -0.86435
        0.16029        0.94589       -0.38596
        0.96884       -0.67906        1.03784
       -0.54517       -0.91228        0.24984
       -0.03465       -0.53790        0.21109
       -1.18865       -0.01027        0.72725
       -0.46091       -1.69616       -0.09296
       -1.13058        0.69581        0.99540
        0.69445       -0.38520        0.30834
        0.55916       -0.26584        0.16690
       -0.09547        1.41498       -3.48960
        0.08822        1.20211        0.68397
        0.14875       -0.99507       -0.66951
       -0.26944        1.36418       -1.47236
       -0.57941        0.59882       -0.41720
       -1.32896        1.10924       -0.62590
       -0.75449        0.04541       -0.39903
        1.20837        0.89505       -1.50962
       -0.12459       -0.87956        0.20580
        1.54757       -1.00905       -1.98437
        0.70399        0.84374        0.97972
       -1.91718        0.61571        1.16911
        0.58900       -1.45046       -1.75978
        0.28854        0.30088       -0.65520
       -0.41944        0.86504        0.57461
        1.67479       -1.43969        2.15988
        1.41130        0.63461        0.39923
       -0.05251        0.42712        0.98142
        0.98298        0.21888       -0.90109
        0.77290        1.05156        0.11004
       -0.99217       -0.41201        0.12349
       -1.04483       -0.17691        0.02742
        0.10090        1.58462        0.69262
        1.24192        2.01612       -1.23238
        0.08325       -0.81698       -0.18504
       -1.39340       -1.20429       -0.49264
        0.50340       -0.66078       -2.20916
        0.29003        0.34561        0.88201
       -1.03705       -0.01680        0.61306
        1.13693        0.67857       -1.47814
        0.03808        0.64180        0.12439
        0.75483        1.12713       -0.12306
        1.50703        0.08309        3.28597
        0.77474       -0.63394        0.83643
       -1.08756       -0.46039       -1.89649
        0.53962       -0.27917        1.30760
       -1.67890       -0.41416        1.27801
        1.12504        0.34600        0.92063
       -0.19526       -0.82249       -0.11626
       -0.24978        0.25249        0.28449
       -0.62005        0.84747        1.28413
        0.18917       -0.82738       -1.34149
        2.24506        0.78794       -0.91398
        0.39122        1.41394        1.91887
       -0.25996        0.07183       -1.71728
       -0.14088       -0.39854       -1.39651
       -0.24867        0.05904        1.34082
        0.86746        1.66478        0.10771
       -0.71608       -0.37423       -0.50193
        1.02051       -0.90665        0.21945
        0.05180        0.91033       -1.14298
        0.46892        0.75637        0.84111
        0.24254        0.22932        0.48311
       -1.44541       -1.26508        0.44915
       -1.05087        1.35810        0.07835
        2.63967        0.96203       -0.87481
        1.17919       -1.43852       -0.42262
        0.10033       -1.60365       -1.49821
       -0.43693        0.78385        1.71720
       -2.75798       -0.21297       -0.14528
       -0.21005        1.31994       -1.53314
       -1.66345       -0.06520       -1.35140
       -1.37395        0.98607        0.42199
       -0.00222        0.19097        0.71848
       -1.33932        0.87123       -0.87074
       -0.18202       -0.65313       -2.17625
        1.40854        0.45517        0.92010
       -0.30143       -1.22211        0.92508
       -1.75858       -1.71472       -0.80902
        0.61661       -0.66477        0.12538
        0.33306       -0.09975       -0.36536
        0.97114        2.08609        0.02880
       -0.12939       -0.81458        1.46359
        0.05335        1.10541        0.68647
        0.13810       -1.15336       -1.17797
       -2.33127       -2.03669        0.26264
        0.35034        1.17559        0.19950
       -1.55359       -3.73008        1.53533
        0.72198        1.31404        3.89067
       -0.44947       -0.31433        1.39692
       -0.66988        0.50228        0.65537
       -0.91566       -1.71255       -0.29375
       -0.26256        0.29182       -1.61287
        1.24825       -0.56122        0.06752
       -0.80273       -0.46655        1.12206
        0.79272       -1.03116        0.71462
       -0.37907       -2.60816        0.74375
        1.73401        0.07164       -1.99052
       -0.25123       -0.78494       -1.87468
        0.36959        0.52904        1.51475
       -0.03175       -0.78399       -2.29257
       -1.56668        1.52716        0.28624
        0.95380        1.87531       -0.33800
       -0.41233        1.15962        1.78259
        0.01395        0.35286       -0.65177
        1.27336       -0.48787        0.50488
        0.79192        0.28031       -0.15285
       -0.07779       -0.35304        0.55434
       -0.44674        0.28313        1.14355
       -0.52494       -0.56460       -1.14876
       -1.19364       -1.63228       -0.52728
       -1.69266        0.04870        0.67753
       -0.78961       -2.26653       -1.52806
        0.08576        0.58507       -1.21959
        0.52667        0.70220        0.92321
        1.32464       -1.26563        1.75199
        0.22074        0.93725        0.64455
       -0.31546        0.74462       -0.76168
        0.47435       -1.76045       -1.20025
       -1.53128        1.07893        0.08350
       -1.12985        1.17075        0.97700
       -0.74936       -0.67948        0.01936
       -0.49160       -0.25340       -0.01137
       -2.86271        0.70227       -0.16661
       -0.01240        0.00041        1.74025
       -0.46941       -0.83127        0.42533
       -0.16415        0.62655       -0.02590
       -0.73920        0.13532        0.33816
       -1.36214        0.46301       -1.91404
       -2.28071       -1.52617        0.56038
        1.30990       -0.21053       -0.69126
        0.12496        0.16843        1.78629
       -2.22918        1.30315       -0.13504
       -0.48682       -0.02870       -0.11373
        0.98151        0.57171        0.73203
       -1.61331       -0.35056       -0.04138
       -0.67245        0.50392        0.50278
       -1.09126        0.97421        2.20450
       -1.22650        0.49343        0.77122
       -1.68938        1.22665        0.58705
       -0.74158       -1.20301        0.14546
        1.25706        0.25488        0.61463
       -0.23311       -1.24545        1.24147
        0.45157        0.97616        0.49157
       -0.22782        1.18070        0.33571
       -0.09949        0.28317        0.59322
        0.31322       -0.97533       -0.09931
       -0.59912        0.63666       -1.04421
       -0.22472        0.29199        0.04118
        0.04392        0.16093        0.30286
       -0.29740       -0.29993        0.28531
       -1.06552        0.78666       -0.26670
        1.79930        0.96197        0.67991
        1.02997       -1.43954        0.92233
        2.26565        0.42349       -2.34374
       -1.63345        0.04136       -0.12262
        1.40599        1.29036       -2.74544
        0.10223       -0.03797        0.01906
       -1.31959        0.78777        0.89566
        1.34470       -0.00814       -0.09352
        1.49467       -0.43489        0.38846
        0.48706       -0.17484        0.05122
        0.09551       -0.48842        0.38030
       -2.47501       -0.41717        1.33617
        1.11743       -1.00545        2.44170
        0.96290        0.94204       -0.81903
        0.70623        1.32585        1.45360
        0.96765        0.97625       -0.11874
        1.09749        1.15225        1.30071
       -0.90815       -0.86690       -0.35478
       -0.95772       -2.02306        0.24375
        0.73266       -1.09715        0.38684
       -1.02736        0.72858        0.17329
        0.99818       -1.55100       -0.30719
        0.91979        1.43745        1.60755
       -0.12187       -1.01839       -1.81648
        0.89893        0.67185       -0.42370
        1.71641        1.07344       -1.39900
        0.70944        0.54630        0.40172
        0.28611       -0.21590        1.81791
        0.86301       -0.02365       -0.62412
       -0.23005        1.40634        1.05613
       -2.11554        1.07885        0.06041
       -0.16602       -1.08864        1.30275
        0.53118       -1.77290       -1.22281
       -0.72323       -0.08575       -0.94700
       -0.65630       -0.55003        0.42270
       -0.35866        1.38439       -1.61993
       -1.10822        0.60853       -2.40755
       -0.37948       -0.26636       -1.24241
        0.36005       -0.47283        1.01940
       -0.38377       -0.86846        0.44861
        0.94998       -0.02213       -0.07825
        0.26775       -1.39622       -0.08538
        2.36605        0.53728       -1.37852
       -0.70604        0.01237       -0.77249
       -0.17187       -2.36994       -1.20220
       -0.66696        0.57677       -0.05021
       -0.57064        0.55246        0.55745
        0.56633        0.02700        1.38670
       -0.89322       -1.39414        1.86737
       -1.24857       -0.04925       -3.09213
       -0.28366        0.11010        0.53762
       -0.32513        0.02951        0.98540
        0.88566       -1.20821       -1.37211
       -0.10531       -0.89075        1.35613
        0.78261        0.24323       -0.61250
       -0.13548        0.32419       -0.02612
        0.76890        0.98976        0.55384
        0.72641        0.58467       -0.78871
       -0.02199        0.87276        0.81238
        0.95552       -0.17508        0.04095
       -2.27411        0.73381        0.48566
        0.33298        0.93889       -0.87484
        0.07513       -1.71646       -0.38693
        0.24979       -0.81188       -0.68414
       -1.41370       -0.33561       -1.10691
       -1.61909        0.22033        1.85669
       -1.14051        2.36314        0.10198
       -0.02216       -0.29289       -0.64607
        0.40590       -0.03380       -0.42111
        0.89346        0.79875        0.30316
       -0.42465       -1.48450        0.73146
        0.19506       -0.00460       -0.63387
       -0.68358        0.12795        1.61435
       -0.61634       -0.50264        0.39558
        1.17807        1.09822       -0.94239
        1.43968        0.58786       -0.24874
        1.29854        1.65092       -0.82262
        0.25543       -0.69576       -0.98679
       -1.77224        0.07815        0.69826
       -0.74223        1.81851       -1.84611
        0.18184        0.79462        1.65754
        0.48252        0.53155       -0.82434
        0.85902        0.99449       -0.24983
        2.01326       -0.21802        0.65004
        0.92058       -0.80848       -0.78222
        0.38764        1.25265       -2.13108
