        1.01568
        1.01282
        1.00706
        0.99828
        0.98632
        0.97099
        0.95207
        0.92932
        0.90257
        0.87165
        0.83657
        0.79747
        0.75475
        0.70912
        0.66163
        0.61367
        0.56689
        0.52300
        0.48360
        0.44997
        0.95758
        0.91997
        0.88730
        0.85945
        0.83616
        0.81706
        0.80172
        0.78968
        0.78044
        0.77351
        0.76837
        0.76452
        0.76149
        0.75889
        0.75639
        0.75380
        0.75101
        0.74802
        0.74486
        0.74162
        0.99568
        0.98912
        0.98052
        0.97023
        0.95871
        0.94651
        0.93420
        0.92234
        0.91144
        0.90195
        0.89423
        0.88848
        0.88471
        0.88270
        0.88204
        0.88225
        0.88283
        0.88333
        0.88339
        0.88275
        0.99817
        0.99424
        0.98847
        0.98126
        0.97323
        0.96512
        0.95768
        0.95153
        0.94707
        0.94434
        0.94312
        0.94300
        0.94357
        0.94444
        0.94527
        0.94580
        0.94588
        0.94550
        0.94477
        0.94382
        0.99877
        0.99691
        0.99455
        0.99196
        0.98960
        0.98809
        0.98797
        0.98954
        0.99267
        0.99692
        1.00173
        1.00658
        1.01096
        1.01445
        1.01669
        1.01754
        1.01714
        1.01592
        1.01436
        1.01273
        0.99829
        0.99633
        0.99391
        0.99094
        0.98755
        0.98397
        0.98050
        0.97748
        0.97514
        0.97362
        0.97292
        0.97297
        0.97367
        0.97491
        0.97664
        0.97886
        0.98164
        0.98506
        0.98919
        0.99405
        1.00551
        1.01141
        1.01738
        1.02305
        1.02807
        1.03218
        1.03530
        1.03749
        1.03895
        1.03994
        1.04074
        1.04157
        1.04258
        1.04380
        1.04513
        1.04633
        1.04715
        1.04729
        1.04652
        1.04468
        0.99712
        0.99347
        0.98908
        0.98407
        0.97868
        0.97327
        0.96822
        0.96387
        0.96053
        0.95835
        0.95736
        0.95749
        0.95852
        0.96017
        0.96212
        0.96405
        0.96577
        0.96724
        0.96865
        0.97033
        1.00214
        1.00448
        1.00671
        1.00839
        1.00922
        1.00925
        1.00881
        1.00837
        1.00824
        1.00854
        1.00913
        1.00974
        1.01015
        1.01027
        1.01009
        1.00971
        1.00917
        1.00838
        1.00723
        1.00559
        0.99789
        0.99546
        0.99291
        0.99043
        0.98821
        0.98647
        0.98551
        0.98558
        0.98674
        0.98870
        0.99103
        0.99330
        0.99518
        0.99640
        0.99676
        0.99619
        0.99474
        0.99270
        0.99048
        0.98862
        0.99893
        0.99888
        0.99989
        1.00177
        1.00411
        1.00643
        1.00830
        1.00937
        1.00950
        1.00876
        1.00736
        1.00565
        1.00391
        1.00239
        1.00124
        1.00054
        1.00033
        1.00058
        1.00120
        1.00205
        1.00088
        1.00157
        1.00182
        1.00140
        1.00018
        0.99812
        0.99540
        0.99238
        0.98959
        0.98762
        0.98689
        0.98753
        0.98938
        0.99207
        0.99512
        0.99808
        1.00060
        1.00245
        1.00346
        1.00351
        0.99903
        0.99708
        0.99429
        0.99091
        0.98733
        0.98393
        0.98101
        0.97865
        0.97674
        0.97499
        0.97310
        0.97079
        0.96792
        0.96458
        0.96122
        0.95852
        0.95707
        0.95699
        0.95802
        0.95972
        1.00198
        1.00370
        1.00520
        1.00666
        1.00828
        1.01016
        1.01226
        1.01434
        1.01605
        1.01706
        1.01717
        1.01632
        1.01461
        1.01220
        1.00931
        1.00618
        1.00305
        1.00011
        0.99752
        0.99539
        0.99830
        0.99684
        0.99535
        0.99365
        0.99169
        0.98957
        0.98743
        0.98542
        0.98367
        0.98236
        0.98165
        0.98173
        0.98277
        0.98484
        0.98786
        0.99167
        0.99596
        1.00034
        1.00440
        1.00779
        1.00250
        1.00410
        1.00485
        1.00492
        1.00458
        1.00409
        1.00366
        1.00340
        1.00339
        1.00362
        1.00400
        1.00436
        1.00442
        1.00399
        1.00303
        1.00169
        1.00015
        0.99850
        0.99673
        0.99483
        0.99802
        0.99612
        0.99451
        0.99339
        0.99280
        0.99264
        0.99263
        0.99247
        0.99186
        0.99066
        0.98890
        0.98678
        0.98463
        0.98281
        0.98169
        0.98150
        0.98231
        0.98396
        0.98619
        0.98875
        1.00264
        1.00508
        1.00722
        1.00899
        1.01040
        1.01144
        1.01205
        1.01209
        1.01148
        1.01025
        1.00860
        1.00668
        1.00451
        1.00200
        0.99907
        0.99565
        0.99167
        0.98717
        0.98245
        0.97805
        0.99641
        0.99386
        0.99251
        0.99227
        0.99296
        0.99436
        0.99631
        0.99879
        1.00184
        1.00559
        1.01013
        1.01545
        1.02136
        1.02745
        1.03309
        1.03758
        1.04026
        1.04072
        1.03886
        1.03489
        0.99464
        0.98884
        0.98339
        0.97891
        0.97575
        0.97397
        0.97337
        0.97368
        0.97462
        0.97596
        0.97757
        0.97935
        0.98123
        0.98315
        0.98499
        0.98665
        0.98803
        0.98911
        0.98993
        0.99061
        0.99121
        0.99170
        0.99194
        0.99169
        0.99071
        0.98885
        0.98612
        0.98270
        0.97891
        0.97503
        0.97128
        0.96777
        0.96456
        0.96174
        0.95940
        0.95760
        0.95634
        0.95554
        0.95513
        0.95515
        0.95575
        0.95716
        0.95950
        0.96278
        0.96691
        0.97177
        0.97724
        0.98325
        0.98968
        0.99638
        1.00311
        1.00952
        1.01525
        1.01994
        1.02328
        1.02511
        1.02536
        1.02411
        1.02152
        1.01787
        1.01351
        1.00884
        1.00427
        1.00019
        0.99689
        0.99455
        0.99319
        0.99277
        0.99321
        0.99438
        0.99608
        0.99806
        1.00004
        1.00168
        1.00273
        1.00301
        1.00235
        1.00062
        0.99767
        0.99358
        0.98869
        0.98365
        0.97917
        0.97591
        0.97428
        0.97439
        0.97602
        0.97864
        0.98166
        0.98461
        0.98721
        0.98929
        0.99077
        0.99152
        0.99141
        0.99037
        0.98847
        0.98596
        0.98320
        0.98059
        0.97848
        0.97704
        0.97629
        0.97610
        0.97628
        0.97663
        0.97701
        0.97739
        0.97787
        0.97863
        0.97991
        0.98187
        0.98455
        0.98786
        0.99156
        0.99534
        0.99884
        1.00172
        1.00373
        1.00480
        1.00496
        1.00436
        1.00326
        1.00195
        1.00072
        0.99974
        0.99905
        0.99853
        0.99801
        0.99730
        0.99627
        0.99489
        0.99324
        0.99146
        0.98974
        0.98830
        0.98733
        0.98691
        0.98697
        0.98721
        0.98718
        0.98641
        0.98455
        0.98149
        0.97745
        0.97290
        0.96844
        0.96466
        0.96198
        0.96059
        0.96046
        0.96136
        0.96300
        0.96512
        0.96761
        0.97041
        0.97350
        0.97676
        0.97998
        0.98282
        0.98493
        0.98602
        0.98594
        0.98472
        0.98255
        0.97976
        0.97669
        0.97370
        0.97110
        0.96918
        0.96819
        0.96829
        0.96951
        0.97174
        0.97470
        0.97804
        0.98140
        0.98444
        0.98688
        0.98857
        0.98942
        0.98948
        0.98886
        0.98769
        0.98615
        0.98439
        0.98258
        0.98088
        0.97947
        0.97845
        0.97791
        0.97784
        0.97817
        0.97878
        0.97948
        0.98008
        0.98040
        0.98035
        0.97989
        0.97898
        0.97764
        0.97593
        0.97404
        0.97222
        0.97077
        0.96991
        0.96970
        0.97001
        0.97056
        0.97108
        0.97149
        0.97187
        0.97244
        0.97340
        0.97488
        0.97684
        0.97912
        0.98154
        0.98386
        0.98592
        0.98759
        0.98878
        0.98944
        0.98955
        0.98914
        0.98827
        0.98707
        0.98571
        0.98440
        0.98333
        0.98259
        0.98219
        0.98207
        0.98215
        0.98233
        0.98247
        0.98244
        0.98222
        0.98186
        0.98145
        0.98120
        0.98132
        0.98211
        0.98384
        0.98666
        0.99046
        0.99491
        0.99957
        1.00405
        1.00797
        1.01104
        1.01297
        1.01359
        1.01288
        1.01093
        1.00790
        1.00393
        0.99918
        0.99385
        0.98818
        0.98242
        0.97675
        0.97121
        0.96575
        0.96023
        0.95459
        0.94890
        0.94337
        0.93835
        0.93423
        0.93134
        0.92991
        0.92996
        0.93139
        0.93393
        0.93728
        0.94119
        0.94546
        0.94999
        0.95477
        0.95975
        0.96487
        0.97001
        0.97499
        0.97960
        0.98362
        0.98683
        0.98903
        0.99004
        0.98974
        0.98810
        0.98520
        0.98118
        0.97631
        0.97089
        0.96523
        0.95961
        0.95422
        0.94921
        0.94476
        0.94113
        0.93865
        0.93764
        0.93836
        0.94088
        0.94498
        0.95010
        0.95544
        0.96027
        0.96418
        0.96711
        0.96927
        0.97101
        0.97266
        0.97451
        0.97677
        0.97950
        0.98266
        0.98604
        0.98928
        0.99200
        0.99384
        0.99454
        0.99399
        0.99226
        0.98961
        0.98643
        0.98327
        0.98076
        0.97950
        0.97989
        0.98190
        0.98499
        0.98831
        0.99104
        0.99269
        0.99316
        0.99262
        0.99132
        0.98947
        0.98727
        0.98491
        0.98265
        0.98073
        0.97935
        0.97859
        0.97842
        0.97873
        0.97947
        0.98056
        0.98191
        0.98326
        0.98422
        0.98433
        0.98324
        0.98082
        0.97719
        0.97269
        0.96784
        0.96322
        0.95931
        0.95648
        0.95491
        0.95453
        0.95506
        0.95607
        0.95711
        0.95784
        0.95807
        0.95775
        0.95694
        0.95582
        0.95461
        0.95351
        0.95263
        0.95188
        0.95104
        0.94983
        0.94809
        0.94592
        0.94362
        0.94170
        0.94064
        0.94083
        0.94243
        0.94541
        0.94963
        0.95491
        0.96106
        0.96783
        0.97478
        0.98134
        0.98695
        0.99116
        0.99377
        0.99479
        0.99440
        0.99289
        0.99062
        0.98797
        0.98534
        0.98312
        0.98162
        0.98105
        0.98141
        0.98252
        0.98399
        0.98533
        0.98602
        0.98563
        0.98393
        0.98090
        0.97676
        0.97185
        0.96659
        0.96138
        0.95657
        0.95240
        0.94909
        0.94685
        0.94588
        0.94622
        0.94775
        0.95016
        0.95303
        0.95596
        0.95864
        0.96098
        0.96304
        0.96500
        0.96706
        0.96938
        0.97202
        0.97498
        0.97827
        0.98184
        0.98562
        0.98944
        0.99307
        0.99628
        0.99894
        1.00096
        1.00232
        1.00296
        1.00284
        1.00186
        0.99997
        0.99719
        0.99363
        0.98953
        0.98514
        0.98078
        0.97673
        0.97331
        0.97077
        0.96925
        0.96864
        0.96869
        0.96916
        0.96993
        0.97098
        0.97232
        0.97392
        0.97569
        0.97746
        0.97902
        0.98017
        0.98085
        0.98115
        0.98135
        0.98173
        0.98247
        0.98355
        0.98484
        0.98616
        0.98738
        0.98841
        0.98924
        0.98983
        0.99015
        0.99012
        0.98963
        0.98856
        0.98682
        0.98436
        0.98123
        0.97761
        0.97381
        0.97028
        0.96752
        0.96595
        0.96577
        0.96687
        0.96893
        0.97153
        0.97427
        0.97679
        0.97873
        0.97979
        0.97967
        0.97822
        0.97541
        0.97137
        0.96642
        0.96104
        0.95582
        0.95138
        0.94836
        0.94730
        0.94850
        0.95194
        0.95716
        0.96327
        0.96919
        0.97388
        0.97660
        0.97704
        0.97530
        0.97184
        0.96736
        0.96271
        0.95872
        0.95598
        0.95473
        0.95495
        0.95642
        0.95883
        0.96187
        0.96519
        0.96843
        0.97124
        0.97328
        0.97432
        0.97423
        0.97304
        0.97091
        0.96814
        0.96508
        0.96214
        0.95966
        0.95793
        0.95709
        0.95708
        0.95771
        0.95868
        0.95968
        0.96049
        0.96096
        0.96103
        0.96074
        0.96016
        0.95942
        0.95862
        0.95785
        0.95717
        0.95660
        0.95613
        0.95571
        0.95524
        0.95462
        0.95374
        0.95259
        0.95129
        0.95009
        0.94931
        0.94915
        0.94966
        0.95063
        0.95178
        0.95278
        0.95339
        0.95347
        0.95298
        0.95194
        0.95047
        0.94870
        0.94678
        0.94491
        0.94326
        0.94203
        0.94144
        0.94169
        0.94294
        0.94531
        0.94877
        0.95322
        0.95845
        0.96418
        0.97006
        0.97567
        0.98060
        0.98444
        0.98685
        0.98758
        0.98651
        0.98367
        0.97927
        0.97371
        0.96755
        0.96143
        0.95599
        0.95176
        0.94911
        0.94821
        0.94902
        0.95131
        0.95474
        0.95890
        0.96333
        0.96757
        0.97120
        0.97389
        0.97541
        0.97564
        0.97462
        0.97253
        0.96968
        0.96651
        0.96349
        0.96107
        0.95954
        0.95900
        0.95933
        0.96020
        0.96122
        0.96200
        0.96224
        0.96177
        0.96063
        0.95897
        0.95704
        0.95513
        0.95342
        0.95201
        0.95095
        0.95021
        0.94967
        0.94910
        0.94828
        0.94707
        0.94545
        0.94350
        0.94141
        0.93940
        0.93772
        0.93662
        0.93628
        0.93682
        0.93820
        0.94029
        0.94286
        0.94567
        0.94853
        0.95136
        0.95423
        0.95734
        0.96091
        0.96515
        0.97012
        0.97570
        0.98158
        0.98732
        0.99240
        0.99635
        0.99884
        0.99966
        0.99876
        0.99627
        0.99247
        0.98784
        0.98301
        0.97869
        0.97554
        0.97401
        0.97432
        0.97636
        0.97978
        0.98409
        0.98870
        0.99314
        0.99701
        1.00009
        1.00231
        1.00373
        1.00451
        1.00489
        1.00507
        1.00520
        1.00530
        1.00522
        1.00474
        1.00361
        1.00161
        0.99861
        0.99467
        0.99002
        0.98507
        0.98034
        0.97636
        0.97357
        0.97222
        0.97232
        0.97364
        0.97578
        0.97824
        0.98058
        0.98245
        0.98371
        0.98445
        0.98484
        0.98495
        0.98464
        0.98373
        0.98215
        0.97997
        0.97735
        0.97446
        0.97142
        0.96839
        0.96556
        0.96315
        0.96137
        0.96036
        0.96014
        0.96065
        0.96171
        0.96312
        0.96472
        0.96637
        0.96797
        0.96936
        0.97029
        0.97044
        0.96954
        0.96748
        0.96442
        0.96085
        0.95744
        0.95479
        0.95323
        0.95275
        0.95311
        0.95398
        0.95515
        0.95648
        0.95780
        0.95884
        0.95939
        0.95939
        0.95898
        0.95846
        0.95811
        0.95816
        0.95872
        0.95983
        0.96133
        0.96300
        0.96455
        0.96570
        0.96617
        0.96583
        0.96475
        0.96324
        0.96176
        0.96075
        0.96044
        0.96096
        0.96235
        0.96464
        0.96774
        0.97139
        0.97514
        0.97850
        0.98103
        0.98244
        0.98261
        0.98151
        0.97922
        0.97586
        0.97162
        0.96673
        0.96144
        0.95605
        0.95091
        0.94647
        0.94320
        0.94147
        0.94148
        0.94318
        0.94635
        0.95063
        0.95559
        0.96071
        0.96547
        0.96937
        0.97214
        0.97374
        0.97437
        0.97436
        0.97401
        0.97353
        0.97297
        0.97228
        0.97140
        0.97028
        0.96889
        0.96721
        0.96525
        0.96302
        0.96058
        0.95802
        0.95547
        0.95311
        0.95112
        0.94975
        0.94926
        0.94979
        0.95130
        0.95358
        0.95630
        0.95913
        0.96185
        0.96434
        0.96665
        0.96892
        0.97135
        0.97409
        0.97715
        0.98038
        0.98354
        0.98637
        0.98868
        0.99035
        0.99133
        0.99163
        0.99125
        0.99024
        0.98869
        0.98667
        0.98432
        0.98176
        0.97918
        0.97684
        0.97505
        0.97407
        0.97399
        0.97468
        0.97585
        0.97711
        0.97810
        0.97856
        0.97836
        0.97755
        0.97632
        0.97495
        0.97375
        0.97294
        0.97263
        0.97275
        0.97317
        0.97370
        0.97417
        0.97448
        0.97453
        0.97417
        0.97318
        0.97141
        0.96878
        0.96542
        0.96160
        0.95763
        0.95385
        0.95044
        0.94744
        0.94476
        0.94228
        0.93995
        0.93794
        0.93656
        0.93622
        0.93726
        0.93979
        0.94366
        0.94850
        0.95378
        0.95894
        0.96352
        0.96719
        0.96977
        0.97126
        0.97175
        0.97139
        0.97032
        0.96866
        0.96657
        0.96429
        0.96211
        0.96029
        0.95904
        0.95847
        0.95863
        0.95953
        0.96106
        0.96301
        0.96497
        0.96645
        0.96693
        0.96604
        0.96364
        0.95994
        0.95544
        0.95080
        0.94674
        0.94383
        0.94244
        0.94273
        0.94459
        0.94777
        0.95186
        0.95638
        0.96085
        0.96481
        0.96792
        0.97001
        0.97104
        0.97114
        0.97051
        0.96939
        0.96794
        0.96635
        0.96475
        0.96332
        0.96226
        0.96178
        0.96208
        0.96331
        0.96546
        0.96838
        0.97171
        0.97500
        0.97781
        0.97983
        0.98095
        0.98125
        0.98097
        0.98033
        0.97955
        0.97875
        0.97803
        0.97749
        0.97724
        0.97734
        0.97768
        0.97799
        0.97786
        0.97692
        0.97503
        0.97235
        0.96933
        0.96657
        0.96470
        0.96408
        0.96466
        0.96609
        0.96793
        0.96990
        0.97183
        0.97360
        0.97508
        0.97611
        0.97663
        0.97667
        0.97640
        0.97603
        0.97576
        0.97578
        0.97619
        0.97705
        0.97835
        0.98000
        0.98182
        0.98367
        0.98539
        0.98691
        0.98817
        0.98917
        0.98985
        0.99016
        0.99003
        0.98941
        0.98836
        0.98703
        0.98572
        0.98477
        0.98449
        0.98506
        0.98636
        0.98807
        0.98971
        0.99084
        0.99117
        0.99069
        0.98955
        0.98793
        0.98601
        0.98386
        0.98154
        0.97905
        0.97644
        0.97377
        0.97109
        0.96847
        0.96599
        0.96374
        0.96188
        0.96052
        0.95977
        0.95968
        0.96030
        0.96168
        0.96389
        0.96693
        0.97062
        0.97467
        0.97867
        0.98225
        0.98516
        0.98732
        0.98879
        0.98978
        0.99060
        0.99155
        0.99290
        0.99471
        0.99696
        0.99950
        1.00209
        1.00447
        1.00635
        1.00750
        1.00780
        1.00728
        1.00604
        1.00422
        1.00191
        0.99909
        0.99565
        0.99150
        0.98659
        0.98096
        0.97470
        0.96787
        0.96058
        0.95299
        0.94536
        0.93812
        0.93175
        0.92660
        0.92268
        0.91965
        0.91705
        0.91464
        0.91255
        0.91113
        0.91080
        0.91178
        0.91408
        0.91760
        0.92214
        0.92755
        0.93371
        0.94048
        0.94759
        0.95469
        0.96139
        0.96742
        0.97267
        0.97718
        0.98103
        0.98426
        0.98683
        0.98867
        0.98971
        0.99004
        0.98988
        0.98954
        0.98931
        0.98932
        0.98956
        0.98984
        0.98994
        0.98975
        0.98933
        0.98885
        0.98855
        0.98861
        0.98908
        0.98987
        0.99082
        0.99171
        0.99233
        0.99248
        0.99199
        0.99072
        0.98857
        0.98551
        0.98155
        0.97673
        0.97117
        0.96510
        0.95883
        0.95277
        0.94734
        0.94289
        0.93967
        0.93778
        0.93725
        0.93807
        0.94026
        0.94382
        0.94864
        0.95446
        0.96087
        0.96735
        0.97340
        0.97859
        0.98266
        0.98546
        0.98690
        0.98694
        0.98554
        0.98279
        0.97897
        0.97454
        0.97010
        0.96622
        0.96337
        0.96178
        0.96155
        0.96264
        0.96484
        0.96787
        0.97137
        0.97501
        0.97849
        0.98161
        0.98424
        0.98625
        0.98759
        0.98818
        0.98791
        0.98664
        0.98424
        0.98059
        0.97571
        0.96981
        0.96323
        0.95643
        0.94988
        0.94397
        0.93905
        0.93542
        0.93330
        0.93284
        0.93407
        0.93683
        0.94085
        0.94574
        0.95114
        0.95668
        0.96204
        0.96697
        0.97123
        0.97469
        0.97721
        0.97876
        0.97938
        0.97923
        0.97853
        0.97754
        0.97648
        0.97545
        0.97446
        0.97344
        0.97234
        0.97111
        0.96967
        0.96793
        0.96577
        0.96317
        0.96027
        0.95736
        0.95488
        0.95324
        0.95282
        0.95383
        0.95623
        0.95970
        0.96365
        0.96741
        0.97041
        0.97221
        0.97250
        0.97114
        0.96816
        0.96387
        0.95885
        0.95384
        0.94960
        0.94657
        0.94485
        0.94429
        0.94464
        0.94568
        0.94727
        0.94928
        0.95151
        0.95367
        0.95549
        0.95686
        0.95787
        0.95886
        0.96022
        0.96213
        0.96448
        0.96696
        0.96922
        0.97105
        0.97241
        0.97344
        0.97439
        0.97557
        0.97728
        0.97969
        0.98277
        0.98631
        0.98992
        0.99322
        0.99587
        0.99770
        0.99871
        0.99910
        0.99917
        0.99921
        0.99938
        0.99967
        0.99989
        0.99978
        0.99906
        0.99755
        0.99527
        0.99244
        0.98946
        0.98669
        0.98438
        0.98254
        0.98108
        0.97980
        0.97858
        0.97738
        0.97622
        0.97515
        0.97421
        0.97336
        0.97247
        0.97138
        0.97004
        0.96854
        0.96716
        0.96626
        0.96619
        0.96723
        0.96946
        0.97273
        0.97669
        0.98089
        0.98491
        0.98850
        0.99156
        0.99415
        0.99637
        0.99829
        0.99992
        1.00119
        1.00197
        1.00210
        1.00139
        0.99967
        0.99684
        0.99292
        0.98811
        0.98284
        0.97772
        0.97344
        0.97061
        0.96962
        0.97049
        0.97300
        0.97671
        0.98113
        0.98582
        0.99046
        0.99487
        0.99885
        1.00212
        1.00432
        1.00509
        1.00421
        1.00172
        0.99787
        0.99308
        0.98794
        0.98310
        0.97919
        0.97671
        0.97587
        0.97658
        0.97852
        0.98126
        0.98430
        0.98717
        0.98939
        0.99057
        0.99043
        0.98896
        0.98637
        0.98302
        0.97922
        0.97515
        0.97080
        0.96604
        0.96071
        0.95471
        0.94813
        0.94121
        0.93440
        0.92828
        0.92348
        0.92056
        0.91992
        0.92161
        0.92533
        0.93039
        0.93590
        0.94102
        0.94507
        0.94768
        0.94881
        0.94864
        0.94759
        0.94616
        0.94486
        0.94420
        0.94460
        0.94640
        0.94979
        0.95480
        0.96122
        0.96865
        0.97652
        0.98421
        0.99115
        0.99694
        1.00133
        1.00422
        1.00560
        1.00547
        1.00391
        1.00109
        0.99726
        0.99269
        0.98762
        0.98226
        0.97686
        0.97169
        0.96699
        0.96288
        0.95925
        0.95583
        0.95232
        0.94839
        0.94390
        0.93891
        0.93369
        0.92875
        0.92473
        0.92227
        0.92188
        0.92383
        0.92804
        0.93409
        0.94126
        0.94879
        0.95597
        0.96227
        0.96733
        0.97100
        0.97326
        0.97430
        0.97443
        0.97404
        0.97340
        0.97259
        0.97155
        0.97017
        0.96843
        0.96643
        0.96438
        0.96246
        0.96085
        0.95965
        0.95893
        0.95870
        0.95890
        0.95933
        0.95974
        0.95988
        0.95965
        0.95913
        0.95850
        0.95790
        0.95736
        0.95682
        0.95617
        0.95534
        0.95433
        0.95324
        0.95227
        0.95165
        0.95162
        0.95229
        0.95366
        0.95562
        0.95794
        0.96043
        0.96289
        0.96519
        0.96722
        0.96888
        0.97005
        0.97050
        0.96996
        0.96820
        0.96508
        0.96066
        0.95523
        0.94926
        0.94332
        0.93797
        0.93366
        0.93064
        0.92892
        0.92831
        0.92853
        0.92936
        0.93069
        0.93254
        0.93494
        0.93793
        0.94144
        0.94534
        0.94945
        0.95352
        0.95734
        0.96073
        0.96361
        0.96602
        0.96805
        0.96984
        0.97150
        0.97305
        0.97447
        0.97571
        0.97664
        0.97710
        0.97692
        0.97606
        0.97467
        0.97310
        0.97174
        0.97088
        0.97058
        0.97066
        0.97085
        0.97087
        0.97055
        0.96983
        0.96873
        0.96732
        0.96565
        0.96376
        0.96165
        0.95938
        0.95717
        0.95535
        0.95437
        0.95461
        0.95630
        0.95933
        0.96332
        0.96773
        0.97205
        0.97589
        0.97904
        0.98144
        0.98310
        0.98407
        0.98448
        0.98445
        0.98419
        0.98391
        0.98384
        0.98417
        0.98498
        0.98617
        0.98741
        0.98822
        0.98806
        0.98651
        0.98338
        0.97877
        0.97296
        0.96634
        0.95933
        0.95237
        0.94589
        0.94039
        0.93628
        0.93386
        0.93317
        0.93400
        0.93592
        0.93837
        0.94084
        0.94291
        0.94444
        0.94558
        0.94672
        0.94836
        0.95085
        0.95425
        0.95830
        0.96256
        0.96656
        0.96991
        0.97231
        0.97363
        0.97391
        0.97342
        0.97264
        0.97218
        0.97261
        0.97426
        0.97714
        0.98092
        0.98508
        0.98894
        0.99185
        0.99325
        0.99275
        0.99021
        0.98569
        0.97948
        0.97201
        0.96392
        0.95594
        0.94888
        0.94339
        0.93988
        0.93841
        0.93864
        0.94005
        0.94206
        0.94424
        0.94634
        0.94830
        0.95013
        0.95193
        0.95377
        0.95569
        0.95763
        0.95948
        0.96106
        0.96219
        0.96269
        0.96245
        0.96140
        0.95958
        0.95713
        0.95425
        0.95121
        0.94828
        0.94576
        0.94387
        0.94279
        0.94260
        0.94325
        0.94456
        0.94625
        0.94798
        0.94943
        0.95035
        0.95065
        0.95035
        0.94961
        0.94873
        0.94812
        0.94824
        0.94952
        0.95231
        0.95676
        0.96281
        0.97014
        0.97832
        0.98685
        0.99538
        1.00370
        1.01169
        1.01923
        1.02606
        1.03184
        1.03623
        1.03893
        1.03973
        1.03850
        1.03527
        1.03020
        1.02364
        1.01607
        1.00804
        1.00015
        0.99292
        0.98681
        0.98211
        0.97890
        0.97707
        0.97637
        0.97643
        0.97692
        0.97752
        0.97806
        0.97848
        0.97879
        0.97909
        0.97945
        0.97995
        0.98059
        0.98136
        0.98222
        0.98318
        0.98432
        0.98576
        0.98761
        0.98988
        0.99246
        0.99507
        0.99737
        0.99898
        0.99958
        0.99898
        0.99713
        0.99416
        0.99038
        0.98624
        0.98220
        0.97863
        0.97571
        0.97344
        0.97166
        0.97020
        0.96891
        0.96767
        0.96639
        0.96504
        0.96361
        0.96222
        0.96098
        0.95999
        0.95922
        0.95856
        0.95795
        0.95741
        0.95709
        0.95712
        0.95762
        0.95865
        0.96027
        0.96253
        0.96544
        0.96890
        0.97268
        0.97643
        0.97980
        0.98248
        0.98434
        0.98543
        0.98595
        0.98611
        0.98596
        0.98544
        0.98451
        0.98327
        0.98197
        0.98079
        0.97977
        0.97879
        0.97755
        0.97578
        0.97328
        0.97002
        0.96620
        0.96216
        0.95831
        0.95504
        0.95264
        0.95131
        0.95113
        0.95208
        0.95405
        0.95684
        0.96015
        0.96360
        0.96681
        0.96939
        0.97105
        0.97157
        0.97089
        0.96907
        0.96623
        0.96257
        0.95828
        0.95361
        0.94885
        0.94430
        0.94028
        0.93712
        0.93520
        0.93495
        0.93677
        0.94077
        0.94669
        0.95390
        0.96161
        0.96911
        0.97592
        0.98178
        0.98664
        0.99052
        0.99344
        0.99538
        0.99622
        0.99584
        0.99414
        0.99104
        0.98661
        0.98106
        0.97480
        0.96838
        0.96245
        0.95762
        0.95437
        0.95296
        0.95337
        0.95536
        0.95855
        0.96252
        0.96683
        0.97104
        0.97482
        0.97802
        0.98066
        0.98286
        0.98467
        0.98609
        0.98699
        0.98729
        0.98693
        0.98598
        0.98462
        0.98307
        0.98152
        0.98005
        0.97861
        0.97702
        0.97503
        0.97243
        0.96912
        0.96512
        0.96057
        0.95565
        0.95058
        0.94566
        0.94130
        0.93797
        0.93600
        0.93556
        0.93649
        0.93841
        0.94078
        0.94308
        0.94489
        0.94604
        0.94662
        0.94690
        0.94730
        0.94820
        0.94990
        0.95253
        0.95602
        0.96004
        0.96415
        0.96782
        0.97059
        0.97219
        0.97250
        0.97160
        0.96974
        0.96723
        0.96448
        0.96185
        0.95963
        0.95804
        0.95726
        0.95742
        0.95865
        0.96099
        0.96434
        0.96845
        0.97288
        0.97711
        0.98057
        0.98276
        0.98330
        0.98200
        0.97891
        0.97429
        0.96859
        0.96238
        0.95622
        0.95064
        0.94605
        0.94277
        0.94098
        0.94069
        0.94174
        0.94377
        0.94640
        0.94926
        0.95208
        0.95472
        0.95714
        0.95929
        0.96120
        0.96292
        0.96450
        0.96600
        0.96750
        0.96915
        0.97112
        0.97368
        0.97703
        0.98132
        0.98655
        0.99248
        0.99869
        1.00461
        1.00966
        1.01336
        1.01538
        1.01549
        1.01357
        1.00963
        1.00380
        0.99641
        0.98797
        0.97914
        0.97062
        0.96299
        0.95661
        0.95167
        0.94825
        0.94650
        0.94655
        0.94847
        0.95211
        0.95706
        0.96280
        0.96871
        0.97423
        0.97888
        0.98225
        0.98400
        0.98390
        0.98187
        0.97801
        0.97268
        0.96640
        0.95976
        0.95338
        0.94780
        0.94351
        0.94088
        0.94016
        0.94130
        0.94394
        0.94745
        0.95108
        0.95415
        0.95629
        0.95739
        0.95762
        0.95723
        0.95648
        0.95549
        0.95433
        0.95305
        0.95172
        0.95050
        0.94951
        0.94888
        0.94863
        0.94872
        0.94908
        0.94971
        0.95072
        0.95229
        0.95465
        0.95792
        0.96211
        0.96705
        0.97245
        0.97794
        0.98314
        0.98768
        0.99122
        0.99350
        0.99442
        0.99402
        0.99247
        0.99004
        0.98701
        0.98371
        0.98045
        0.97749
        0.97491
        0.97261
        0.97032
        0.96785
        0.96506
        0.96187
        0.95823
        0.95413
        0.94963
        0.94492
        0.94030
        0.93612
        0.93274
        0.93040
        0.92919
        0.92907
        0.92982
        0.93119
        0.93291
        0.93479
        0.93682
        0.93911
        0.94192
        0.94553
        0.95012
        0.95569
        0.96201
        0.96870
        0.97534
        0.98155
        0.98695
        0.99125
        0.99428
        0.99594
        0.99627
        0.99540
        0.99355
        0.99100
        0.98808
        0.98513
        0.98246
        0.98029
        0.97876
        0.97790
        0.97766
        0.97786
        0.97822
        0.97847
        0.97841
        0.97795
        0.97716
        0.97624
        0.97545
        0.97502
        0.97500
        0.97529
        0.97563
        0.97573
        0.97537
        0.97452
        0.97326
        0.97179
        0.97025
        0.96863
        0.96680
        0.96449
        0.96142
        0.95746
        0.95269
        0.94741
        0.94216
        0.93754
        0.93402
        0.93179
        0.93077
        0.93073
        0.93153
        0.93309
        0.93549
        0.93880
        0.94306
        0.94813
        0.95365
        0.95912
        0.96399
        0.96788
        0.97066
        0.97249
        0.97370
        0.97471
        0.97584
        0.97728
        0.97902
        0.98093
        0.98284
        0.98459
        0.98611
        0.98743
        0.98865
        0.98985
        0.99109
        0.99230
        0.99336
        0.99412
        0.99444
        0.99421
        0.99325
        0.99139
        0.98849
        0.98458
        0.97986
        0.97471
        0.96971
        0.96553
        0.96277
        0.96176
        0.96237
        0.96404
        0.96593
        0.96724
        0.96743
        0.96630
        0.96394
        0.96061
        0.95663
        0.95232
        0.94798
        0.94391
        0.94038
        0.93760
        0.93566
        0.93455
        0.93412
        0.93417
        0.93447
        0.93481
        0.93506
        0.93520
        0.93530
        0.93554
        0.93614
        0.93727
        0.93905
        0.94149
        0.94447
        0.94780
        0.95119
        0.95439
        0.95720
        0.95954
        0.96144
        0.96299
        0.96428
        0.96535
        0.96617
        0.96668
        0.96686
        0.96676
        0.96653
        0.96628
        0.96614
        0.96617
        0.96639
        0.96682
        0.96745
        0.96825
        0.96915
        0.97011
        0.97109
        0.97210
        0.97314
        0.97421
        0.97533
        0.97662
        0.97819
        0.98013
        0.98236
        0.98460
        0.98649
        0.98765
        0.98780
        0.98690
        0.98514
        0.98296
        0.98094
        0.97958
        0.97913
        0.97950
        0.98037
        0.98136
        0.98222
        0.98293
        0.98365
        0.98461
        0.98600
        0.98788
        0.99018
        0.99278
        0.99549
        0.99818
        1.00065
        1.00274
        1.00420
        1.00481
        1.00443
        1.00297
        1.00049
        0.99715
        0.99321
        0.98890
        0.98448
        0.98010
        0.97593
        0.97206
        0.96864
        0.96579
        0.96365
        0.96237
        0.96206
        0.96273
        0.96433
        0.96669
        0.96960
        0.97289
        0.97646
        0.98024
        0.98405
        0.98755
        0.99029
        0.99186
        0.99205
        0.99093
        0.98883
        0.98628
        0.98383
        0.98193
        0.98084
        0.98059
        0.98099
        0.98178
        0.98268
        0.98356
        0.98438
        0.98519
        0.98604
        0.98684
        0.98743
        0.98753
        0.98688
        0.98526
        0.98259
        0.97897
        0.97458
        0.96966
        0.96447
        0.95927
        0.95434
        0.94999
        0.94663
        0.94475
        0.94486
        0.94736
        0.95216
        0.95868
        0.96603
        0.97332
        0.97992
        0.98546
        0.98982
        0.99302
        0.99520
        0.99654
        0.99716
        0.99713
        0.99642
        0.99500
        0.99279
        0.98977
        0.98590
        0.98118
        0.97568
        0.96963
        0.96342
        0.95759
        0.95271
        0.94933
        0.94776
        0.94810
        0.95019
        0.95371
        0.95819
        0.96316
        0.96817
        0.97287
        0.97696
        0.98013
        0.98209
        0.98261
        0.98154
        0.97891
        0.97493
        0.96998
        0.96457
        0.95926
        0.95460
        0.95106
        0.94901
        0.94870
        0.95015
        0.95320
        0.95748
        0.96247
        0.96763
        0.97248
        0.97666
        0.97995
        0.98225
        0.98355
        0.98395
        0.98362
        0.98287
        0.98206
        0.98154
        0.98154
        0.98210
        0.98307
        0.98417
        0.98510
        0.98562
        0.98555
        0.98489
        0.98371
        0.98217
        0.98040
        0.97847
        0.97636
        0.97400
        0.97128
        0.96822
        0.96502
        0.96212
        0.96003
        0.95921
        0.95984
        0.96182
        0.96483
        0.96842
        0.97220
        0.97577
        0.97879
        0.98096
        0.98205
        0.98196
        0.98072
        0.97848
        0.97552
        0.97218
        0.96890
        0.96609
        0.96417
        0.96338
        0.96379
        0.96525
        0.96745
        0.96995
        0.97238
        0.97439
        0.97576
        0.97631
        0.97589
        0.97445
        0.97214
        0.96934
        0.96662
        0.96454
        0.96348
        0.96357
        0.96467
        0.96656
        0.96912
        0.97236
        0.97627
        0.98063
        0.98500
        0.98898
        0.99237
        0.99517
        0.99744
        0.99923
        1.00050
        1.00109
        1.00078
        0.99937
        0.99671
        0.99283
        0.98792
        0.98239
        0.97680
        0.97168
        0.96749
        0.96446
        0.96264
        0.96196
        0.96233
        0.96366
        0.96585
        0.96881
        0.97236
        0.97628
        0.98033
        0.98429
        0.98800
        0.99145
        0.99458
        0.99734
        0.99948
        1.00068
        1.00060
        0.99908
        0.99619
        0.99218
        0.98748
        0.98262
        0.97818
        0.97469
        0.97247
        0.97154
        0.97164
        0.97242
        0.97356
        0.97486
        0.97612
        0.97716
        0.97781
        0.97800
        0.97767
        0.97683
        0.97547
        0.97360
        0.97127
        0.96857
        0.96558
        0.96235
        0.95898
        0.95554
        0.95216
        0.94901
        0.94627
        0.94412
        0.94269
        0.94210
        0.94246
        0.94390
        0.94650
        0.95025
        0.95507
        0.96079
        0.96720
        0.97404
        0.98100
        0.98774
        0.99385
        0.99887
        1.00232
        1.00379
        1.00298
        0.99979
        0.99431
        0.98687
        0.97805
        0.96862
        0.95953
        0.95172
        0.94592
        0.94245
        0.94123
        0.94185
        0.94376
        0.94645
        0.94948
        0.95259
        0.95564
        0.95857
        0.96130
        0.96368
        0.96556
        0.96687
        0.96768
        0.96825
        0.96895
        0.97017
        0.97215
        0.97487
        0.97802
        0.98104
        0.98334
        0.98450
        0.98439
        0.98331
        0.98181
        0.98052
        0.97986
        0.97998
        0.98068
        0.98160
        0.98231
        0.98250
        0.98207
        0.98119
        0.98026
        0.97968
        0.97970
        0.98025
        0.98104
        0.98170
        0.98191
        0.98156
        0.98066
        0.97928
        0.97743
        0.97509
        0.97225
        0.96897
        0.96538
        0.96167
        0.95811
        0.95504
        0.95285
        0.95193
        0.95245
        0.95432
        0.95720
        0.96068
        0.96440
        0.96813
        0.97170
        0.97502
        0.97799
        0.98045
        0.98218
        0.98291
        0.98246
        0.98084
        0.97835
        0.97547
        0.97277
        0.97073
        0.96967
        0.96971
        0.97081
        0.97279
        0.97544
        0.97844
        0.98143
        0.98402
        0.98586
        0.98663
        0.98618
        0.98454
        0.98188
        0.97848
        0.97465
        0.97066
        0.96671
        0.96296
        0.95962
        0.95693
        0.95524
        0.95490
        0.95614
        0.95899
        0.96328
        0.96862
        0.97452
        0.98049
        0.98606
        0.99089
        0.99476
        0.99759
        0.99934
        1.00002
        0.99964
        0.99829
        0.99612
        0.99341
        0.99055
        0.98797
        0.98607
        0.98514
        0.98534
        0.98671
        0.98919
        0.99259
        0.99653
        1.00038
        1.00340
        1.00507
        1.00529
        1.00443
        1.00319
        1.00229
        1.00229
        1.00337
        1.00531
        1.00763
        1.00972
        1.01109
        1.01138
        1.01047
        1.00839
        1.00535
        1.00163
        0.99757
        0.99349
        0.98971
        0.98642
        0.98376
        0.98179
        0.98054
        0.98006
        0.98041
        0.98158
        0.98338
        0.98546
        0.98746
        0.98910
        0.99027
        0.99101
        0.99136
        0.99130
        0.99069
        0.98935
        0.98711
        0.98392
        0.97992
        0.97539
        0.97068
        0.96612
        0.96200
        0.95858
        0.95608
        0.95470
        0.95456
        0.95563
        0.95768
        0.96033
        0.96313
        0.96569
        0.96775
        0.96913
        0.96972
        0.96934
        0.96788
        0.96542
        0.96229
        0.95907
        0.95632
        0.95450
        0.95375
        0.95395
        0.95486
        0.95623
        0.95787
        0.95972
        0.96171
        0.96379
        0.96586
        0.96781
        0.96945
        0.97066
        0.97135
        0.97162
        0.97170
        0.97189
        0.97251
        0.97372
        0.97547
        0.97747
        0.97931
        0.98062
        0.98118
        0.98098
        0.98013
        0.97882
        0.97731
        0.97591
        0.97492
        0.97456
        0.97493
        0.97604
        0.97775
        0.97982
        0.98184
        0.98334
        0.98389
        0.98323
        0.98129
        0.97824
        0.97443
        0.97027
        0.96616
        0.96247
        0.95938
        0.95700
        0.95532
        0.95434
        0.95405
        0.95454
        0.95589
        0.95814
        0.96120
        0.96488
        0.96887
        0.97283
        0.97641
        0.97935
        0.98152
        0.98291
        0.98362
        0.98391
        0.98408
        0.98441
        0.98514
        0.98635
        0.98801
        0.98996
        0.99204
        0.99406
        0.99586
        0.99723
        0.99800
        0.99808
        0.99751
        0.99645
        0.99505
        0.99334
        0.99121
        0.98852
        0.98524
        0.98145
        0.97736
        0.97324
        0.96931
        0.96570
        0.96245
        0.95946
        0.95656
        0.95353
        0.95021
        0.94649
        0.94242
        0.93824
        0.93433
        0.93113
        0.92900
        0.92814
        0.92854
        0.93002
        0.93235
        0.93532
        0.93877
        0.94256
        0.94658
        0.95066
        0.95460
        0.95822
        0.96145
        0.96428
        0.96678
        0.96896
        0.97076
        0.97202
        0.97252
        0.97215
        0.97094
        0.96919
        0.96736
        0.96596
        0.96539
        0.96584
        0.96719
        0.96912
        0.97121
        0.97309
        0.97446
        0.97516
        0.97514
        0.97455
        0.97364
        0.97278
        0.97232
        0.97245
        0.97316
        0.97431
        0.97566
        0.97701
        0.97818
        0.97904
        0.97950
        0.97959
        0.97936
        0.97894
        0.97839
        0.97780
        0.97721
        0.97666
        0.97619
        0.97579
        0.97548
        0.97523
        0.97492
        0.97431
        0.97320
        0.97148
        0.96923
        0.96660
        0.96384
        0.96124
        0.95911
        0.95782
        0.95765
        0.95877
        0.96116
        0.96463
        0.96889
        0.97367
        0.97882
        0.98433
        0.99021
        0.99639
        1.00262
        1.00849
        1.01348
        1.01705
        1.01879
        1.01848
        1.01617
        1.01217
        1.00699
        1.00130
        0.99577
        0.99091
        0.98700
        0.98402
        0.98169
        0.97967
        0.97766
        0.97556
        0.97349
        0.97170
        0.97047
        0.97002
        0.97037
        0.97130
        0.97243
        0.97340
        0.97395
        0.97408
        0.97391
        0.97368
        0.97354
        0.97357
        0.97379
        0.97425
        0.97500
        0.97609
        0.97743
        0.97885
        0.98011
        0.98101
        0.98144
        0.98139
        0.98094
        0.98027
        0.97961
        0.97928
        0.97953
        0.98049
        0.98203
        0.98387
        0.98567
        0.98717
        0.98833
        0.98929
        0.99029
        0.99155
        0.99321
        0.99526
        0.99753
        0.99973
        1.00148
        1.00239
        1.00217
        1.00063
        0.99776
        0.99375
        0.98887
        0.98352
        0.97805
        0.97280
        0.96806
        0.96405
        0.96092
        0.95880
        0.95769
        0.95746
        0.95777
        0.95821
        0.95838
        0.95800
        0.95694
        0.95526
        0.95309
        0.95066
        0.94824
        0.94612
        0.94453
        0.94358
        0.94325
        0.94345
        0.94404
        0.94494
        0.94610
        0.94764
        0.94984
        0.95311
        0.95797
        0.96478
        0.97360
        0.98399
        0.99501
        1.00547
        1.01417
        1.02013
        1.02269
        1.02156
        1.01681
        1.00885
        0.99833
        0.98611
        0.97311
        0.96023
        0.94827
        0.93789
        0.92964
        0.92397
        0.92119
        0.92132
        0.92410
        0.92904
        0.93547
        0.94271
        0.95008
        0.95695
        0.96283
        0.96737
        0.97050
        0.97232
        0.97315
        0.97335
        0.97326
        0.97305
        0.97270
        0.97206
        0.97097
        0.96931
        0.96704
        0.96426
        0.96112
        0.95781
        0.95453
        0.95142
        0.94858
        0.94600
        0.94359
        0.94122
        0.93876
        0.93618
        0.93358
        0.93121
        0.92933
        0.92817
        0.92778
        0.92802
        0.92863
        0.92934
        0.92992
        0.93034
        0.93069
        0.93122
        0.93214
        0.93357
        0.93546
        0.93763
        0.93993
        0.94230
        0.94486
        0.94782
        0.95133
        0.95538
        0.95977
        0.96413
        0.96811
        0.97137
        0.97371
        0.97508
        0.97554
        0.97526
        0.97441
        0.97315
        0.97167
        0.97016
        0.96885
        0.96798
        0.96770
        0.96799
        0.96875
        0.96978
        0.97091
        0.97207
        0.97337
        0.97505
        0.97731
        0.98029
        0.98393
        0.98807
        0.99236
        0.99640
        0.99978
        1.00220
        1.00360
        1.00412
        1.00403
        1.00348
        1.00251
        1.00101
        0.99886
        0.99603
        0.99262
        0.98891
        0.98519
        0.98172
        0.97859
        0.97576
        0.97308
        0.97043
        0.96775
        0.96508
        0.96247
        0.95999
        0.95776
        0.95598
        0.95490
        0.95474
        0.95557
        0.95730
        0.95969
        0.96248
        0.96542
        0.96836
        0.97119
        0.97388
        0.97646
        0.97905
        0.98176
        0.98453
        0.98702
        0.98865
        0.98883
        0.98725
        0.98401
        0.97964
        0.97490
        0.97061
        0.96743
        0.96576
        0.96568
        0.96700
        0.96931
        0.97217
        0.97522
        0.97825
        0.98124
        0.98421
        0.98720
        0.99011
        0.99276
        0.99491
        0.99635
        0.99698
        0.99678
        0.99581
        0.99409
        0.99162
        0.98851
        0.98506
        0.98179
        0.97936
        0.97825
        0.97860
        0.98014
        0.98238
        0.98472
        0.98663
        0.98769
        0.98765
        0.98642
        0.98404
        0.98072
        0.97676
        0.97259
        0.96869
        0.96557
        0.96365
        0.96312
        0.96392
        0.96578
        0.96828
        0.97101
        0.97358
        0.97571
        0.97712
        0.97763
        0.97721
        0.97599
        0.97428
        0.97248
        0.97101
        0.97026
        0.97043
        0.97159
        0.97366
        0.97651
        0.98001
        0.98410
        0.98869
        0.99355
        0.99824
        1.00218
        1.00477
        1.00556
        1.00434
        1.00116
        0.99631
        0.99032
        0.98392
        0.97794
        0.97320
        0.97034
        0.96968
        0.97118
        0.97451
        0.97916
        0.98448
        0.98979
        0.99448
        0.99809
        1.00042
        1.00151
        1.00157
        1.00088
        0.99969
        0.99817
        0.99644
        0.99457
        0.99259
        0.99049
        0.98827
        0.98591
        0.98344
        0.98091
        0.97847
        0.97629
        0.97459
        0.97357
        0.97343
        0.97422
        0.97591
        0.97836
        0.98134
        0.98458
        0.98778
        0.99058
        0.99268
        0.99376
        0.99359
        0.99205
        0.98916
        0.98513
        0.98026
        0.97499
        0.96977
        0.96499
        0.96095
        0.95784
        0.95574
        0.95466
        0.95457
        0.95532
        0.95674
        0.95862
        0.96072
        0.96280
        0.96463
        0.96605
        0.96702
        0.96759
        0.96792
        0.96817
        0.96851
        0.96905
        0.96983
        0.97089
        0.97222
        0.97384
        0.97570
        0.97769
        0.97958
        0.98107
        0.98190
        0.98192
        0.98118
        0.97988
        0.97834
        0.97690
        0.97586
        0.97538
        0.97549
        0.97605
        0.97675
        0.97721
        0.97698
        0.97565
        0.97288
        0.96844
        0.96225
        0.95441
        0.94520
        0.93506
        0.92465
        0.91475
        0.90626
        0.90004
        0.89667
        0.89633
        0.89876
        0.90341
        0.90957
        0.91658
        0.92387
        0.93107
        0.93796
        0.94436
        0.95009
        0.95497
        0.95885
        0.96169
        0.96349
        0.96432
        0.96427
        0.96341
        0.96182
        0.95965
        0.95718
        0.95484
        0.95318
        0.95275
        0.95389
        0.95658
        0.96035
        0.96445
        0.96807
        0.97056
        0.97161
        0.97126
        0.96983
        0.96780
        0.96562
        0.96369
        0.96222
        0.96130
        0.96087
        0.96088
        0.96132
        0.96228
        0.96393
        0.96642
        0.96985
        0.97416
        0.97908
        0.98414
        0.98877
        0.99248
        0.99504
        0.99655
        0.99739
        0.99798
        0.99864
        0.99953
        1.00065
        1.00185
        1.00282
        1.00315
        1.00246
        1.00047
        0.99712
        0.99256
        0.98718
        0.98146
        0.97596
        0.97102
        0.96676
        0.96305
        0.95972
        0.95672
        0.95421
        0.95249
        0.95192
        0.95281
        0.95535
        0.95959
        0.96542
        0.97249
        0.98029
        0.98814
        0.99532
        1.00118
        1.00528
        1.00745
        1.00786
        1.00692
        1.00517
        1.00303
        1.00069
        0.99807
        0.99504
        0.99161
        0.98802
        0.98474
        0.98232
        0.98124
        0.98163
        0.98326
        0.98562
        0.98809
        0.99020
        0.99172
        0.99270
        0.99338
        0.99401
        0.99465
        0.99516
        0.99532
        0.99502
        0.99439
        0.99375
        0.99349
        0.99394
        0.99522
        0.99719
        0.99958
        1.00199
        1.00396
        1.00499
        1.00467
        1.00266
        0.99888
        0.99348
        0.98691
        0.97976
        0.97272
        0.96639
        0.96117
        0.95723
        0.95454
        0.95291
        0.95212
        0.95194
        0.95220
        0.95274
        0.95343
        0.95416
        0.95484
        0.95545
        0.95602
        0.95659
        0.95719
        0.95782
        0.95842
        0.95885
        0.95897
        0.95872
        0.95814
        0.95735
        0.95648
        0.95559
        0.95458
        0.95322
        0.95122
        0.94838
        0.94470
        0.94049
        0.93629
        0.93277
        0.93051
        0.92986
        0.93089
        0.93346
        0.93727
        0.94198
        0.94721
        0.95257
        0.95777
        0.96264
        0.96710
        0.97115
        0.97480
        0.97802
        0.98069
        0.98262
        0.98355
        0.98330
        0.98174
        0.97890
        0.97500
        0.97040
        0.96559
        0.96104
        0.95708
        0.95394
        0.95169
        0.95039
        0.95004
        0.95060
        0.95202
        0.95422
        0.95714
        0.96061
        0.96442
        0.96822
        0.97161
        0.97420
        0.97564
        0.97574
        0.97447
        0.97203
        0.96879
        0.96524
        0.96195
        0.95948
        0.95821
        0.95832
        0.95967
        0.96189
        0.96446
        0.96691
        0.96896
        0.97057
        0.97193
        0.97335
        0.97506
        0.97709
        0.97929
        0.98132
        0.98273
        0.98311
        0.98205
        0.97928
        0.97469
        0.96845
        0.96101
        0.95307
        0.94546
        0.93898
        0.93424
        0.93158
        0.93102
        0.93231
        0.93502
        0.93865
        0.94268
        0.94664
        0.95012
        0.95282
        0.95459
        0.95544
        0.95552
        0.95515
        0.95468
        0.95448
        0.95480
        0.95576
        0.95732
        0.95929
        0.96136
        0.96314
        0.96431
        0.96461
        0.96392
        0.96229
        0.95986
        0.95689
        0.95362
        0.95033
        0.94730
        0.94485
        0.94333
        0.94294
        0.94365
        0.94517
        0.94708
        0.94902
        0.95082
        0.95253
        0.95438
        0.95661
        0.95943
        0.96285
        0.96671
        0.97071
        0.97454
        0.97794
        0.98075
        0.98291
        0.98440
        0.98524
        0.98547
        0.98511
        0.98419
        0.98276
        0.98093
        0.97895
        0.97718
        0.97603
        0.97579
        0.97648
        0.97787
        0.97954
        0.98111
        0.98231
        0.98300
        0.98320
        0.98300
        0.98252
        0.98181
        0.98079
        0.97924
        0.97689
        0.97358
        0.96932
        0.96440
        0.95928
        0.95449
        0.95048
        0.94752
        0.94563
        0.94472
        0.94468
        0.94549
        0.94716
        0.94965
        0.95283
        0.95647
        0.96034
        0.96424
        0.96807
        0.97180
        0.97544
        0.97898
        0.98233
        0.98536
        0.98788
        0.98965
        0.99048
        0.99024
        0.98894
        0.98670
        0.98377
        0.98050
        0.97723
        0.97423
        0.97158
        0.96925
        0.96707
        0.96491
        0.96271
        0.96057
        0.95871
        0.95738
        0.95670
        0.95663
        0.95695
        0.95738
        0.95769
        0.95780
        0.95783
        0.95797
        0.95840
        0.95925
        0.96055
        0.96224
        0.96425
        0.96647
        0.96872
        0.97078
        0.97237
        0.97317
        0.97285
        0.97111
        0.96772
        0.96265
        0.95613
        0.94866
        0.94097
        0.93389
        0.92819
        0.92441
        0.92279
        0.92325
        0.92550
        0.92915
        0.93384
        0.93923
        0.94508
        0.95118
        0.95740
        0.96360
        0.96970
        0.97557
        0.98105
        0.98595
        0.99004
        0.99310
        0.99492
        0.99539
        0.99448
        0.99235
        0.98932
        0.98579
        0.98220
        0.97886
        0.97593
        0.97351
        0.97160
        0.97021
        0.96933
        0.96891
        0.96886
        0.96906
        0.96943
        0.96988
        0.97036
        0.97078
        0.97109
        0.97127
        0.97142
        0.97157
        0.97174
        0.97181
        0.97164
        0.97111
        0.97015
        0.96878
        0.96710
        0.96527
        0.96353
        0.96215
        0.96141
        0.96156
        0.96277
        0.96512
        0.96856
        0.97292
        0.97787
        0.98302
        0.98795
        0.99223
        0.99544
        0.99724
        0.99736
        0.99574
        0.99253
        0.98816
        0.98326
        0.97839
        0.97392
        0.96995
        0.96653
        0.96379
        0.96207
        0.96175
        0.96306
        0.96595
        0.97002
        0.97464
        0.97914
        0.98290
        0.98550
        0.98674
        0.98657
        0.98511
        0.98260
        0.97934
        0.97572
        0.97213
        0.96892
        0.96642
        0.96484
        0.96429
        0.96475
        0.96606
        0.96788
        0.96983
        0.97156
        0.97284
        0.97350
        0.97346
        0.97272
        0.97141
        0.96984
        0.96843
        0.96755
        0.96732
        0.96756
        0.96791
        0.96810
        0.96807
        0.96806
        0.96851
        0.96993
        0.97264
        0.97663
        0.98149
        0.98665
        0.99157
        0.99593
        0.99959
        1.00243
        1.00436
        1.00524
        1.00498
        1.00363
        1.00136
        0.99847
        0.99526
        0.99196
        0.98867
        0.98538
        0.98200
        0.97840
        0.97448
        0.97021
        0.96563
        0.96085
        0.95605
        0.95149
        0.94748
        0.94444
        0.94281
        0.94302
        0.94523
        0.94936
        0.95501
        0.96159
        0.96842
        0.97485
        0.98031
        0.98444
        0.98705
        0.98814
        0.98784
        0.98638
        0.98409
        0.98135
        0.97854
        0.97600
        0.97394
        0.97248
        0.97166
        0.97139
        0.97147
        0.97155
        0.97126
        0.97032
        0.96864
        0.96638
        0.96385
        0.96143
        0.95946
        0.95814
        0.95755
        0.95767
        0.95847
        0.95992
        0.96196
        0.96449
        0.96735
        0.97033
        0.97322
        0.97584
        0.97811
        0.98000
        0.98150
        0.98261
        0.98327
        0.98340
        0.98296
        0.98196
        0.98052
        0.97885
        0.97718
        0.97570
        0.97450
        0.97360
        0.97308
        0.97305
        0.97364
        0.97490
        0.97673
        0.97882
        0.98075
        0.98208
        0.98246
        0.98170
        0.97983
        0.97707
        0.97377
        0.97035
        0.96722
        0.96476
        0.96331
        0.96320
        0.96460
        0.96759
        0.97198
        0.97737
        0.98325
        0.98908
        0.99433
        0.99854
        1.00138
        1.00269
        1.00253
        1.00113
        0.99889
        0.99622
        0.99354
        0.99120
        0.98941
        0.98822
        0.98752
        0.98713
        0.98693
        0.98693
        0.98719
        0.98774
        0.98848
        0.98919
        0.98964
        0.98961
        0.98892
        0.98741
        0.98496
        0.98154
        0.97729
        0.97260
        0.96804
        0.96433
        0.96213
        0.96193
        0.96385
        0.96758
        0.97244
        0.97758
        0.98230
        0.98608
        0.98863
        0.98982
        0.98967
        0.98834
        0.98613
        0.98343
        0.98062
        0.97807
        0.97610
        0.97500
        0.97499
        0.97619
        0.97850
        0.98157
        0.98488
        0.98780
        0.98982
        0.99062
        0.99009
        0.98827
        0.98533
        0.98152
        0.97714
        0.97250
        0.96789
        0.96359
        0.95984
        0.95690
        0.95495
        0.95409
        0.95426
        0.95528
        0.95690
        0.95893
        0.96125
        0.96381
        0.96652
        0.96928
        0.97187
        0.97404
        0.97559
        0.97643
        0.97657
        0.97615
        0.97535
        0.97428
        0.97302
        0.97150
        0.96962
        0.96726
        0.96436
        0.96100
        0.95741
        0.95388
        0.95071
        0.94817
        0.94646
        0.94579
        0.94632
        0.94814
        0.95120
        0.95534
        0.96027
        0.96573
        0.97152
        0.97751
        0.98354
        0.98942
        0.99489
        0.99972
        1.00371
        1.00670
        1.00858
        1.00919
        1.00834
        1.00589
        1.00176
        0.99609
        0.98928
        0.98203
        0.97516
        0.96951
        0.96558
        0.96350
        0.96300
        0.96365
        0.96507
        0.96708
        0.96974
        0.97321
        0.97762
        0.98291
        0.98883
        0.99494
        1.00074
        1.00579
        1.00981
        1.01269
        1.01457
        1.01574
        1.01659
        1.01747
        1.01858
        1.01993
        1.02127
        1.02223
        1.02234
        1.02114
        1.01830
        1.01370
        1.00748
        1.00002
        0.99183
        0.98344
        0.97540
        0.96820
        0.96228
        0.95802
        0.95558
        0.95498
        0.95595
        0.95810
        0.96095
        0.96404
        0.96706
        0.96983
        0.97229
        0.97439
        0.97602
        0.97707
        0.97749
        0.97735
        0.97682
        0.97617
        0.97559
        0.97524
        0.97517
        0.97534
        0.97566
        0.97593
        0.97591
        0.97539
        0.97420
        0.97230
        0.96981
        0.96696
        0.96405
        0.96141
        0.95933
        0.95813
        0.95801
        0.95902
        0.96097
        0.96348
        0.96616
        0.96867
        0.97081
        0.97248
        0.97372
        0.97475
        0.97601
        0.97796
        0.98083
        0.98439
        0.98795
        0.99065
        0.99166
        0.99046
        0.98677
        0.98070
        0.97273
        0.96371
        0.95488
        0.94760
        0.94286
        0.94096
        0.94163
        0.94446
        0.94906
        0.95496
        0.96154
        0.96804
        0.97372
        0.97795
        0.98039
        0.98101
        0.98004
        0.97796
        0.97534
        0.97283
        0.97097
        0.97011
        0.97035
        0.97159
        0.97360
        0.97608
        0.97870
        0.98111
        0.98309
        0.98449
        0.98531
        0.98560
        0.98544
        0.98487
        0.98394
        0.98276
        0.98146
        0.98019
        0.97893
        0.97746
        0.97546
        0.97279
        0.96959
        0.96625
        0.96322
        0.96083
        0.95928
        0.95870
        0.95914
        0.96065
        0.96326
        0.96691
        0.97132
        0.97599
        0.98025
        0.98355
        0.98558
        0.98622
        0.98550
        0.98350
        0.98025
        0.97582
        0.97040
        0.96428
        0.95791
        0.95176
        0.94631
        0.94191
        0.93879
        0.93697
        0.93634
        0.93661
        0.93741
        0.93833
        0.93903
        0.93925
        0.93891
        0.93808
        0.93694
        0.93565
        0.93438
        0.93318
        0.93208
        0.93121
        0.93078
        0.93111
        0.93251
        0.93517
        0.93904
        0.94385
        0.94923
        0.95476
        0.96012
        0.96507
        0.96942
        0.97305
        0.97585
        0.97776
        0.97880
        0.97907
        0.97873
        0.97792
        0.97678
        0.97544
        0.97400
        0.97261
        0.97145
        0.97072
        0.97056
        0.97106
        0.97216
        0.97371
        0.97542
        0.97698
        0.97807
        0.97847
        0.97802
        0.97659
        0.97419
        0.97101
        0.96751
        0.96427
        0.96189
        0.96073
        0.96087
        0.96215
        0.96441
        0.96762
        0.97185
        0.97708
        0.98294
        0.98877
        0.99381
        0.99744
        0.99931
        0.99940
        0.99800
        0.99556
        0.99254
        0.98932
        0.98618
        0.98332
        0.98091
        0.97904
        0.97778
        0.97706
        0.97680
        0.97683
        0.97704
        0.97738
        0.97784
        0.97847
        0.97929
        0.98029
        0.98140
        0.98253
        0.98353
        0.98424
        0.98451
        0.98432
        0.98371
        0.98280
        0.98170
        0.98047
        0.97913
        0.97772
        0.97634
        0.97512
        0.97421
        0.97371
        0.97368
        0.97405
        0.97472
        0.97548
        0.97606
        0.97618
        0.97562
        0.97427
        0.97219
        0.96953
        0.96651
        0.96335
        0.96026
        0.95743
        0.95510
        0.95344
        0.95260
        0.95264
        0.95355
        0.95532
        0.95792
        0.96122
        0.96496
        0.96881
        0.97240
        0.97546
        0.97777
        0.97920
        0.97969
        0.97931
        0.97828
        0.97698
        0.97597
        0.97580
        0.97697
        0.97972
        0.98395
        0.98924
        0.99495
        1.00032
        1.00460
        1.00715
        1.00745
        1.00516
        1.00017
        0.99266
        0.98312
        0.97231
        0.96111
        0.95041
        0.94099
        0.93350
        0.92843
        0.92607
        0.92647
        0.92938
        0.93428
        0.94051
        0.94742
        0.95454
        0.96161
        0.96857
        0.97542
        0.98215
        0.98862
        0.99463
        0.99987
        1.00403
        1.00689
        1.00836
        1.00855
        1.00773
        1.00615
        1.00404
        1.00154
        0.99881
        0.99600
        0.99329
        0.99083
        0.98869
        0.98687
        0.98522
        0.98351
        0.98156
        0.97923
        0.97647
        0.97323
        0.96946
        0.96510
        0.96014
        0.95471
        0.94913
        0.94390
        0.93964
        0.93692
        0.93610
        0.93731
        0.94048
        0.94541
        0.95169
        0.95882
        0.96624
        0.97338
        0.97975
        0.98494
        0.98871
        0.99097
        0.99177
        0.99120
        0.98938
        0.98641
        0.98243
        0.97763
        0.97223
        0.96650
        0.96075
        0.95530
        0.95056
        0.94694
        0.94486
        0.94458
        0.94614
        0.94930
        0.95356
        0.95827
        0.96276
        0.96644
        0.96889
        0.96993
        0.96959
        0.96812
        0.96590
        0.96334
        0.96076
        0.95839
        0.95635
        0.95472
        0.95360
        0.95315
        0.95357
        0.95502
        0.95749
        0.96084
        0.96482
        0.96909
        0.97328
        0.97703
        0.97999
        0.98187
        0.98255
        0.98206
        0.98072
        0.97903
        0.97754
        0.97671
        0.97677
        0.97768
        0.97918
        0.98092
        0.98256
        0.98386
        0.98473
        0.98508
        0.98482
        0.98381
        0.98188
        0.97896
        0.97519
        0.97091
        0.96666
        0.96304
        0.96063
        0.95987
        0.96097
        0.96389
        0.96839
        0.97403
        0.98032
        0.98681
        0.99317
        0.99919
        1.00480
        1.00996
        1.01460
        1.01861
        1.02177
        1.02388
        1.02473
        1.02430
        1.02271
        1.02026
        1.01735
        1.01432
        1.01143
        1.00885
        1.00660
        1.00468
        1.00303
        1.00156
        1.00016
        0.99876
        0.99728
        0.99572
        0.99416
        0.99273
        0.99161
        0.99094
        0.99074
        0.99098
        0.99151
        0.99215
        0.99266
        0.99282
        0.99242
        0.99131
        0.98943
        0.98690
        0.98405
        0.98133
        0.97928
        0.97828
        0.97842
        0.97953
        0.98124
        0.98308
        0.98464
        0.98561
        0.98579
        0.98508
        0.98351
        0.98121
        0.97837
        0.97522
        0.97202
        0.96897
        0.96629
        0.96412
        0.96266
        0.96207
        0.96251
        0.96410
        0.96689
        0.97080
        0.97560
        0.98090
        0.98623
        0.99110
        0.99509
        0.99792
        0.99952
        1.00003
        0.99973
        0.99898
        0.99819
        0.99766
        0.99765
        0.99824
        0.99940
        1.00098
        1.00270
        1.00419
        1.00506
        1.00494
        1.00365
        1.00118
        0.99773
        0.99370
        0.98951
        0.98558
        0.98217
        0.97941
        0.97729
        0.97569
        0.97442
        0.97327
        0.97204
        0.97055
        0.96862
        0.96611
        0.96293
        0.95908
        0.95471
        0.95006
        0.94551
        0.94152
        0.93850
        0.93679
        0.93649
        0.93745
        0.93931
        0.94153
        0.94361
        0.94514
        0.94593
        0.94597
        0.94542
        0.94453
        0.94354
        0.94270
        0.94219
        0.94213
        0.94255
        0.94345
        0.94481
        0.94662
        0.94887
        0.95149
        0.95433
        0.95714
        0.95959
        0.96137
        0.96224
        0.96215
        0.96117
        0.95948
        0.95732
        0.95494
        0.95255
        0.95040
        0.94864
        0.94738
        0.94665
        0.94645
        0.94678
        0.94773
        0.94946
        0.95208
        0.95560
        0.95980
        0.96433
        0.96875
        0.97266
        0.97578
        0.97805
        0.97954
        0.98050
        0.98122
        0.98199
        0.98298
        0.98422
        0.98554
        0.98666
        0.98725
        0.98703
        0.98583
        0.98368
        0.98083
        0.97771
        0.97481
        0.97259
        0.97139
        0.97140
        0.97260
        0.97474
        0.97738
        0.97995
        0.98185
        0.98267
        0.98222
        0.98054
        0.97787
        0.97460
        0.97126
        0.96845
        0.96669
        0.96631
        0.96740
        0.96979
        0.97318
        0.97717
        0.98131
        0.98516
        0.98826
        0.99025
        0.99084
        0.98993
        0.98752
        0.98374
        0.97885
        0.97318
        0.96717
        0.96128
        0.95603
        0.95192
        0.94937
        0.94868
        0.94997
        0.95306
        0.95748
        0.96256
        0.96758
        0.97196
        0.97535
        0.97759
        0.97873
        0.97889
        0.97825
        0.97704
        0.97545
        0.97362
        0.97163
        0.96954
        0.96744
        0.96551
        0.96400
        0.96323
        0.96346
        0.96476
        0.96698
        0.96972
        0.97241
        0.97442
        0.97515
        0.97415
        0.97121
        0.96638
        0.96001
        0.95264
        0.94500
        0.93787
        0.93201
        0.92802
        0.92628
        0.92682
        0.92940
        0.93349
        0.93844
        0.94358
        0.94828
        0.95206
        0.95460
        0.95577
        0.95565
        0.95450
        0.95267
        0.95057
        0.94859
        0.94713
        0.94649
        0.94687
        0.94831
        0.95071
        0.95378
        0.95712
        0.96029
        0.96286
        0.96446
        0.96486
        0.96402
        0.96218
        0.95978
        0.95729
        0.95492
        0.95262
        0.95030
        0.94794
        0.94565
        0.94372
        0.94249
        0.94239
        0.94373
        0.94667
        0.95112
        0.95682
        0.96331
        0.97007
        0.97653
        0.98218
        0.98662
        0.98967
        0.99134
        0.99187
        0.99161
        0.99095
        0.99019
        0.98944
        0.98861
        0.98752
        0.98595
        0.98378
        0.98104
        0.97780
        0.97422
        0.97050
        0.96694
        0.96397
        0.96204
        0.96140
        0.96198
        0.96339
        0.96515
        0.96687
        0.96834
        0.96952
        0.97042
        0.97098
        0.97111
        0.97066
        0.96960
        0.96797
        0.96592
        0.96368
        0.96153
        0.95976
        0.95869
        0.95863
        0.95979
        0.96225
        0.96588
        0.97036
        0.97529
        0.98020
        0.98469
        0.98843
        0.99123
        0.99296
        0.99352
        0.99281
        0.99071
        0.98717
        0.98228
        0.97637
        0.96998
        0.96376
        0.95843
        0.95459
        0.95252
        0.95212
        0.95288
        0.95402
        0.95475
        0.95450
        0.95302
        0.95047
        0.94728
        0.94410
        0.94150
        0.93994
        0.93950
        0.94004
        0.94119
        0.94264
        0.94416
        0.94570
        0.94732
        0.94915
        0.95135
        0.95406
        0.95737
        0.96125
        0.96554
        0.96995
        0.97407
        0.97751
        0.97994
        0.98118
        0.98122
        0.98023
        0.97849
        0.97644
        0.97458
        0.97336
        0.97306
        0.97365
        0.97485
        0.97621
        0.97730
        0.97782
        0.97772
        0.97713
        0.97634
        0.97568
        0.97540
        0.97570
        0.97664
        0.97817
        0.98014
        0.98233
        0.98448
        0.98637
        0.98786
        0.98901
        0.99000
        0.99107
        0.99236
        0.99387
        0.99549
        0.99703
        0.99828
        0.99907
        0.99917
        0.99841
        0.99658
        0.99360
        0.98949
        0.98448
        0.97903
        0.97373
        0.96929
        0.96637
        0.96550
        0.96688
        0.97032
        0.97520
        0.98064
        0.98574
        0.98978
        0.99230
        0.99318
        0.99253
        0.99077
        0.98838
        0.98590
        0.98375
        0.98212
        0.98103
        0.98033
        0.97983
        0.97935
        0.97875
        0.97794
        0.97685
        0.97547
        0.97381
        0.97191
        0.96974
        0.96722
        0.96424
        0.96075
        0.95676
        0.95241
        0.94791
        0.94340
        0.93901
        0.93479
        0.93087
        0.92751
        0.92504
        0.92391
        0.92444
        0.92668
        0.93035
        0.93488
        0.93968
        0.94428
        0.94841
        0.95193
        0.95485
        0.95718
        0.95898
        0.96031
        0.96126
        0.96192
        0.96240
        0.96281
        0.96330
        0.96404
        0.96523
        0.96705
        0.96960
        0.97284
        0.97658
        0.98044
        0.98391
        0.98650
        0.98777
        0.98751
        0.98570
        0.98252
        0.97824
        0.97316
        0.96760
        0.96190
        0.95641
        0.95151
        0.94754
        0.94479
        0.94346
        0.94361
        0.94517
        0.94801
        0.95188
        0.95653
        0.96163
        0.96680
        0.97166
        0.97590
        0.97927
        0.98171
        0.98328
        0.98419
        0.98465
        0.98485
        0.98481
        0.98440
        0.98344
        0.98174
        0.97925
        0.97601
        0.97216
        0.96795
        0.96372
        0.95989
        0.95685
        0.95487
        0.95403
        0.95411
        0.95474
        0.95546
        0.95590
        0.95580
        0.95505
        0.95377
        0.95222
        0.95077
        0.94980
        0.94964
        0.95045
        0.95223
        0.95478
        0.95774
        0.96063
        0.96300
        0.96455
        0.96521
        0.96516
        0.96469
        0.96409
        0.96347
        0.96280
        0.96201
        0.96109
        0.96013
        0.95935
        0.95898
        0.95923
        0.96017
        0.96180
        0.96394
        0.96639
        0.96885
        0.97108
        0.97285
        0.97402
        0.97458
        0.97460
        0.97423
        0.97365
        0.97305
        0.97264
        0.97257
        0.97296
        0.97382
        0.97511
        0.97669
        0.97830
        0.97969
        0.98062
        0.98099
        0.98079
        0.98010
        0.97899
        0.97761
        0.97611
        0.97471
        0.97365
        0.97311
        0.97309
        0.97345
        0.97393
        0.97435
        0.97471
        0.97517
        0.97599
        0.97734
        0.97915
        0.98108
        0.98268
        0.98365
        0.98390
        0.98364
        0.98333
        0.98348
        0.98448
        0.98639
        0.98894
        0.99167
        0.99412
        0.99598
        0.99712
        0.99767
        0.99789
        0.99804
        0.99826
        0.99851
        0.99862
        0.99843
        0.99780
        0.99670
        0.99512
        0.99309
        0.99059
        0.98762
        0.98419
        0.98030
        0.97604
        0.97155
        0.96707
        0.96285
        0.95920
        0.95638
        0.95459
        0.95396
        0.95448
        0.95605
        0.95845
        0.96138
        0.96447
        0.96729
        0.96940
        0.97045
        0.97031
        0.96908
        0.96723
        0.96541
        0.96428
        0.96417
        0.96498
        0.96625
        0.96747
        0.96827
        0.96849
        0.96821
        0.96779
        0.96772
        0.96851
        0.97051
        0.97385
        0.97843
        0.98397
        0.99009
        0.99639
        1.00245
        1.00793
        1.01258
        1.01625
        1.01885
        1.02038
        1.02088
        1.02043
        1.01917
        1.01725
        1.01482
        1.01202
        1.00896
        1.00578
        1.00259
        0.99947
        0.99649
        0.99360
        0.99074
        0.98782
        0.98484
        0.98189
        0.97912
        0.97673
        0.97492
        0.97387
        0.97353
        0.97370
        0.97407
        0.97439
        0.97455
        0.97457
        0.97455
        0.97461
        0.97486
        0.97530
        0.97585
        0.97633
        0.97650
        0.97604
        0.97465
        0.97214
        0.96854
        0.96412
        0.95936
        0.95478
        0.95088
        0.94804
        0.94645
        0.94610
        0.94678
        0.94824
        0.95027
        0.95274
        0.95562
        0.95888
        0.96253
        0.96654
        0.97091
        0.97561
        0.98048
        0.98518
        0.98927
        0.99241
        0.99449
        0.99566
        0.99624
        0.99656
        0.99691
        0.99753
        0.99857
        1.00005
        1.00183
        1.00369
        1.00530
        1.00626
        1.00617
        1.00470
        1.00170
        0.99724
        0.99156
        0.98502
        0.97795
        0.97060
        0.96315
        0.95579
        0.94885
        0.94271
        0.93775
        0.93417
        0.93198
        0.93098
        0.93094
        0.93159
        0.93276
        0.93438
        0.93645
        0.93896
        0.94184
        0.94490
        0.94785
        0.95040
        0.95237
        0.95376
        0.95478
        0.95586
        0.95747
        0.95998
        0.96345
        0.96759
        0.97187
        0.97563
        0.97830
        0.97957
        0.97945
        0.97821
        0.97628
        0.97402
        0.97173
        0.96952
        0.96741
        0.96541
        0.96356
        0.96191
        0.96052
        0.95946
        0.95882
        0.95878
        0.95952
        0.96118
        0.96380
        0.96732
        0.97163
        0.97659
        0.98206
        0.98779
        0.99341
        0.99844
        1.00241
        1.00500
        1.00613
        1.00592
        1.00467
        1.00276
        1.00054
        0.99830
        0.99617
        0.99417
        0.99223
        0.99030
        0.98837
        0.98650
        0.98480
        0.98336
        0.98218
        0.98112
        0.97994
        0.97836
        0.97625
        0.97353
        0.97022
        0.96642
        0.96224
        0.95793
        0.95378
        0.95014
        0.94733
        0.94555
        0.94483
        0.94507
        0.94601
        0.94742
        0.94909
        0.95093
        0.95293
        0.95513
        0.95755
        0.96018
        0.96290
        0.96551
        0.96782
        0.96973
        0.97131
        0.97282
        0.97453
        0.97659
        0.97898
        0.98153
        0.98402
        0.98628
        0.98817
        0.98960
        0.99050
        0.99079
        0.99036
        0.98913
        0.98708
        0.98430
        0.98102
        0.97755
        0.97425
        0.97142
        0.96926
        0.96782
        0.96707
        0.96691
        0.96726
        0.96808
        0.96939
        0.97123
        0.97357
        0.97622
        0.97886
        0.98116
        0.98280
        0.98359
        0.98349
        0.98252
        0.98080
        0.97844
        0.97563
        0.97257
        0.96957
        0.96699
        0.96515
        0.96427
        0.96435
        0.96516
        0.96619
        0.96688
        0.96677
        0.96573
        0.96402
        0.96221
        0.96094
        0.96071
        0.96174
        0.96402
        0.96739
        0.97161
        0.97638
        0.98127
        0.98583
        0.98954
        0.99198
        0.99289
        0.99228
        0.99044
        0.98789
        0.98521
        0.98291
        0.98123
        0.98009
        0.97916
        0.97802
        0.97638
        0.97415
        0.97151
        0.96880
        0.96643
        0.96477
        0.96411
        0.96451
        0.96575
        0.96742
        0.96904
        0.97020
        0.97067
        0.97041
        0.96954
        0.96831
        0.96696
        0.96565
        0.96442
        0.96318
        0.96180
        0.96018
        0.95836
        0.95646
        0.95465
        0.95308
        0.95177
        0.95067
        0.94970
        0.94882
        0.94806
        0.94758
        0.94760
        0.94846
        0.95044
        0.95368
        0.95804
        0.96313
        0.96844
        0.97349
        0.97796
        0.98168
        0.98453
        0.98634
        0.98697
        0.98637
        0.98464
        0.98206
        0.97898
        0.97576
        0.97264
        0.96972
        0.96698
        0.96428
        0.96152
        0.95867
        0.95580
        0.95309
        0.95071
        0.94890
        0.94789
        0.94799
        0.94958
        0.95294
        0.95803
        0.96436
        0.97114
        0.97749
        0.98266
        0.98613
        0.98764
        0.98717
        0.98492
        0.98135
        0.97712
        0.97290
        0.96929
        0.96662
        0.96492
        0.96397
        0.96342
        0.96286
        0.96198
        0.96057
        0.95860
        0.95618
        0.95346
        0.95057
        0.94758
        0.94459
        0.94178
        0.93947
        0.93800
        0.93772
        0.93884
        0.94137
        0.94513
        0.94978
        0.95492
        0.96016
        0.96521
        0.96992
        0.97424
        0.97829
        0.98215
        0.98587
        0.98936
        0.99240
        0.99476
        0.99622
        0.99665
        0.99604
        0.99443
        0.99198
        0.98892
        0.98563
        0.98256
        0.98013
        0.97862
        0.97811
        0.97844
        0.97929
        0.98027
        0.98096
        0.98107
        0.98046
        0.97921
        0.97755
        0.97583
        0.97436
        0.97333
        0.97280
        0.97274
        0.97308
        0.97375
        0.97470
        0.97582
        0.97697
        0.97795
        0.97852
        0.97847
        0.97772
        0.97633
        0.97455
        0.97271
        0.97118
        0.97022
        0.96996
        0.97038
        0.97137
        0.97283
        0.97468
        0.97688
        0.97937
        0.98208
        0.98487
        0.98755
        0.98995
        0.99188
        0.99320
        0.99381
        0.99371
        0.99294
        0.99155
        0.98956
        0.98696
        0.98374
        0.97992
        0.97566
        0.97125
        0.96703
        0.96337
        0.96048
        0.95842
        0.95710
        0.95634
        0.95593
        0.95565
        0.95530
        0.95469
        0.95376
        0.95258
        0.95139
        0.95054
        0.95035
        0.95098
        0.95233
        0.95414
        0.95607
        0.95788
        0.95941
        0.96069
        0.96183
        0.96297
        0.96425
        0.96568
        0.96719
        0.96859
        0.96961
        0.96994
        0.96938
        0.96791
        0.96573
        0.96317
        0.96062
        0.95837
        0.95663
        0.95549
        0.95499
        0.95511
        0.95584
        0.95721
        0.95939
        0.96257
        0.96691
        0.97231
        0.97843
        0.98486
        0.99120
        0.99720
        1.00267
        1.00750
        1.01154
        1.01472
        1.01696
        1.01823
        1.01854
        1.01797
        1.01672
        1.01504
        1.01317
        1.01129
        1.00946
        1.00769
        1.00601
        1.00447
        1.00313
        1.00198
        1.00093
        0.99980
        0.99848
        0.99697
        0.99542
        0.99406
        0.99310
        0.99261
        0.99253
        0.99267
        0.99286
        0.99295
        0.99286
        0.99258
        0.99215
        0.99164
        0.99110
        0.99054
        0.98982
        0.98872
        0.98695
        0.98433
        0.98083
        0.97664
        0.97219
        0.96810
        0.96507
        0.96367
        0.96416
        0.96633
        0.96964
        0.97335
        0.97679
        0.97947
        0.98108
        0.98151
        0.98083
        0.97927
        0.97721
        0.97505
        0.97320
        0.97198
        0.97156
        0.97197
        0.97313
        0.97491
        0.97709
        0.97940
        0.98155
        0.98320
        0.98413
        0.98418
        0.98338
        0.98185
        0.97986
        0.97774
        0.97579
        0.97419
        0.97292
        0.97184
        0.97076
        0.96961
        0.96848
        0.96758
        0.96716
        0.96735
        0.96807
        0.96910
        0.97017
        0.97104
        0.97157
        0.97165
        0.97124
        0.97032
        0.96896
        0.96734
        0.96580
        0.96475
        0.96466
        0.96587
        0.96853
        0.97249
        0.97737
        0.98262
        0.98766
        0.99204
        0.99551
        0.99801
        0.99960
        1.00042
        1.00060
        1.00030
        0.99969
        0.99899
        0.99846
        0.99828
        0.99846
        0.99875
        0.99859
        0.99729
        0.99428
        0.98939
        0.98296
        0.97577
        0.96872
        0.96263
        0.95804
        0.95517
        0.95391
        0.95396
        0.95487
        0.95616
        0.95741
        0.95833
        0.95881
        0.95891
        0.95880
        0.95876
        0.95904
        0.95980
        0.96111
        0.96285
        0.96480
        0.96667
        0.96817
