    -5136.95826
    -5135.13585
    -5133.28312
    -5131.36805
    -5129.36303
    -5127.24769
    -5125.01049
    -5122.65881
    -5120.21142
    -5117.72272
    -5115.27858
    -5113.02566
    -5111.15349
    -5109.88874
    -5109.45474
    -5110.03395
    -5111.70741
    -5114.44316
    -5118.05411
    -5122.25589
    -4412.51635
    -4415.72098
    -4418.88183
    -4421.88457
    -4424.65759
    -4427.16069
    -4429.36290
    -4431.24929
    -4432.80686
    -4434.03076
    -4434.92993
    -4435.51860
    -4435.83623
    -4435.93562
    -4435.88427
    -4435.75025
    -4435.59811
    -4435.47531
    -4435.39661
    -4435.36437
    -4099.02527
    -4097.65277
    -4096.48069
    -4095.58947
    -4095.04371
    -4094.86537
    -4095.05458
    -4095.58539
    -4096.41593
    -4102.30851
    -4103.57837
    -4104.88813
    -4106.08135
    -4107.04037
    -4107.69023
    -4108.01063
    -4108.02189
    -4107.77960
    -4107.34975
    -4106.81360
    -3953.45221
    -3952.15784
    -3951.10463
    -3950.42376
    -3950.20375
    -3950.48123
    -3951.19947
    -3952.21937
    -3953.32670
    -3954.32095
    -3955.07489
    -3955.55339
    -3955.77173
    -3955.76072
    -3955.56178
    -3955.24287
    -3954.89293
    -3954.59184
    -3954.37950
    -3954.25156
    -3880.95514
    -3880.54682
    -3880.29083
    -3880.30662
    -3880.70993
    -3881.50851
    -3882.54871
    -3883.57139
    -3884.34907
    -3884.77236
    -3884.84229
    -3884.59136
    -3884.04132
    -3883.24165
    -3882.30699
    -3881.42332
    -3880.77827
    -3880.45993
    -3880.36607
    -3881.08013
    -3897.46380
    -3897.17724
    -3896.81407
    -3896.49018
    -3896.29678
    -3896.29849
    -3896.51213
    -3896.89293
    -3897.37743
    -3897.89230
    -3898.36886
    -3898.77563
    -3899.10709
    -3899.39139
    -3899.67728
    -3899.99995
    -3900.37184
    -3900.78977
    -3901.23005
    -3901.63500
    -3894.18023
    -3894.24953
    -3894.07921
    -3893.67297
    -3893.08102
    -3892.40097
    -3891.73993
    -3891.19321
    -3890.81612
    -3890.61530
    -3890.57186
    -3890.64004
    -3890.74792
    -3890.79712
    -3890.71878
    -3890.45861
    -3890.00732
    -3889.40090
    -3888.67652
    -3887.85834
    -3945.21900
    -3944.68264
    -3944.20653
    -3943.87562
    -3943.75948
    -3943.88822
    -3944.26089
    -3944.83875
    -3945.54711
    -3947.38310
    -3948.11566
    -3948.73526
    -3949.17654
    -3949.40439
    -3949.41971
    -3949.27320
    -3949.07777
    -3948.97853
    -3949.07416
    -3949.35867
    -3911.03321
    -3911.00974
    -3910.69875
    -3910.15947
    -3909.59219
    -3909.20942
    -3909.11670
    -3909.27646
    -3909.53806
    -3909.73829
    -3909.77560
    -3909.65573
    -3909.44487
    -3909.22857
    -3909.06079
    -3908.92669
    -3908.75898
    -3908.50683
    -3908.16926
    -3907.80230
    -3914.78401
    -3914.63392
    -3914.61311
    -3914.70972
    -3914.94381
    -3915.36968
    -3915.99049
    -3916.68470
    -3917.24783
    -3917.53786
    -3917.54484
    -3917.31789
    -3916.90110
    -3916.34452
    -3915.70987
    -3915.09268
    -3914.61800
    -3914.40350
    -3914.52409
    -3916.17631
    -3902.05168
    -3902.75076
    -3903.35284
    -3903.72042
    -3903.77969
    -3903.53287
    -3903.04554
    -3902.43264
    -3901.82432
    -3901.34375
    -3901.06082
    -3900.97977
    -3901.06251
    -3901.25188
    -3901.50777
    -3901.78856
    -3902.06498
    -3902.30143
    -3902.44888
    -3902.47535
    -3905.01169
    -3904.72484
    -3904.28347
    -3903.73098
    -3903.13874
    -3902.61626
    -3902.29721
    -3902.31057
    -3902.70845
    -3903.41255
    -3904.25934
    -3905.04706
    -3905.61701
    -3905.88906
    -3905.85698
    -3905.58477
    -3905.14658
    -3904.59142
    -3903.95102
    -3903.25547
    -3907.13795
    -3906.52703
    -3906.06870
    -3905.84281
    -3905.87080
    -3906.11672
    -3906.45320
    -3906.74353
    -3906.87105
    -3907.96051
    -3907.71163
    -3907.33719
    -3906.97840
    -3906.85258
    -3907.15695
    -3907.88860
    -3908.79051
    -3909.55349
    -3910.03578
    -3910.29082
    -3857.90064
    -3857.72703
    -3857.65052
    -3857.70115
    -3857.84290
    -3857.98478
    -3857.99532
    -3857.78878
    -3857.35808
    -3856.77238
    -3856.13621
    -3855.53414
    -3855.02962
    -3854.66530
    -3854.45094
    -3854.38725
    -3854.45953
    -3854.63826
    -3854.89890
    -3855.17832
    -3849.37139
    -3849.37349
    -3849.22895
    -3849.03048
    -3848.87428
    -3848.80745
    -3848.84010
    -3848.96274
    -3849.17980
    -3849.51522
    -3849.97754
    -3850.55235
    -3851.18633
    -3851.80226
    -3852.32013
    -3852.65936
    -3852.75455
    -3852.58285
    -3852.16624
    -3852.65731
    -3862.15651
    -3861.56397
    -3861.07048
    -3860.73803
    -3860.58206
    -3860.57182
    -3860.65623
    -3860.78845
    -3860.93236
    -3861.03231
    -3861.02346
    -3860.84495
    -3860.51836
    -3860.14013
    -3859.83159
    -3859.64733
    -3859.54216
    -3859.43439
    -3859.30971
    -3859.22060
    -3852.49167
    -3852.61599
    -3852.87387
    -3853.19213
    -3853.46584
    -3853.58669
    -3853.50429
    -3853.22551
    -3852.82669
    -3852.42837
    -3852.13471
    -3852.03366
    -3852.17272
    -3852.56004
    -3853.13011
    -3853.76141
    -3854.31784
    -3854.72158
    -3854.94863
    -3855.02045
    -3840.31606
    -3840.10901
    -3839.85759
    -3839.59674
    -3839.34085
    -3839.05248
    -3838.68641
    -3838.24387
    -3837.80514
    -3838.71939
    -3838.53334
    -3838.37029
    -3838.15506
    -3837.87235
    -3837.53708
    -3837.15348
    -3836.76559
    -3836.52426
    -3836.60140
    -3837.08024
    -3809.24701
    -3809.99235
    -3810.71395
    -3811.33164
    -3811.81373
    -3812.18302
    -3812.50614
    -3812.85761
    -3813.28172
    -3813.77648
    -3814.28956
    -3814.71418
    -3814.90970
    -3814.72253
    -3814.07166
    -3812.97961
    -3811.57778
    -3810.05021
    -3808.61285
    -3807.47536
    -3852.26523
    -3852.34872
    -3852.86760
    -3853.66257
    -3854.53440
    -3855.31433
    -3855.91691
    -3856.33443
    -3856.59962
    -3856.75997
    -3856.85049
    -3856.89543
    -3856.89333
    -3856.83113
    -3856.69733
    -3856.49603
    -3856.26865
    -3856.06677
    -3855.93131
    -3856.98287
    -3856.92634
    -3856.78506
    -3856.49756
    -3856.04629
    -3855.46913
    -3854.87003
    -3854.37184
    -3854.05543
    -3853.94201
    -3853.97835
    -3854.09515
    -3854.24932
    -3854.45817
    -3854.72373
    -3855.04206
    -3855.36799
    -3855.64589
    -3855.86596
    -3856.08166
    -3856.38892
    -3856.83485
    -3857.38993
    -3857.97134
    -3858.50161
    -3858.95702
    -3859.34007
    -3859.66553
    -3859.93157
    -3860.10820
    -3860.14324
    -3859.97432
    -3859.56981
    -3858.92330
    -3858.07537
    -3857.08986
    -3856.04318
    -3855.01438
    -3854.07609
    -3853.29473
    -3852.72375
    -3852.40594
    -3852.36316
    -3852.58613
    -3853.01743
    -3853.58405
    -3854.19540
    -3854.79130
    -3855.33598
    -3855.80070
    -3857.28283
    -3857.50229
    -3857.52431
    -3857.33376
    -3856.96432
    -3856.45995
    -3855.85578
    -3855.14598
    -3854.34062
    -3853.53962
    -3852.92132
    -3852.67870
    -3852.91355
    -3853.59330
    -3854.59161
    -3855.71612
    -3856.74511
    -3857.47370
    -3857.81992
    -3857.83322
    -3857.62310
    -3857.30210
    -3856.91311
    -3856.44697
    -3855.89012
    -3855.26747
    -3854.65977
    -3854.17837
    -3853.91866
    -3853.92768
    -3854.17096
    -3854.56353
    -3854.98552
    -3855.34059
    -3855.57265
    -3855.67274
    -3855.67614
    -3855.63965
    -3855.64341
    -3855.75628
    -3856.02077
    -3856.40814
    -3856.84991
    -3857.25287
    -3857.52314
    -3857.60317
    -3857.44740
    -3857.06466
    -3856.50715
    -3855.86693
    -3856.40784
    -3855.87621
    -3855.49026
    -3855.29577
    -3855.29503
    -3855.42928
    -3855.60595
    -3855.73246
    -3855.74945
    -3855.64036
    -3855.43136
    -3855.18569
    -3854.96452
    -3854.83018
    -3854.81230
    -3854.93500
    -3855.18716
    -3855.52118
    -3855.83245
    -3855.98448
    -3855.85959
    -3855.41680
    -3854.71510
    -3853.90145
    -3853.17976
    -3852.73392
    -3852.66808
    -3852.99708
    -3853.63669
    -3854.44367
    -3855.25800
    -3855.94783
    -3856.45094
    -3856.78237
    -3857.01381
    -3857.20381
    -3857.38264
    -3857.50931
    -3857.50921
    -3857.30534
    -3856.87126
    -3856.23851
    -3855.48005
    -3854.71154
    -3854.04522
    -3853.56715
    -3853.30730
    -3853.27980
    -3853.46059
    -3853.83398
    -3855.57834
    -3856.25277
    -3856.97401
    -3857.63583
    -3858.14630
    -3858.43110
    -3858.47008
    -3858.28679
    -3857.91618
    -3857.41442
    -3856.85535
    -3856.30154
    -3855.80287
    -3855.39911
    -3855.10188
    -3854.90547
    -3854.81180
    -3854.82711
    -3854.95839
    -3855.17602
    -3855.44414
    -3855.71655
    -3855.95457
    -3856.12388
    -3856.18322
    -3856.10561
    -3855.90894
    -3855.63794
    -3855.33346
    -3855.01476
    -3854.69744
    -3854.41830
    -3854.23582
    -3854.20443
    -3854.36281
    -3854.68903
    -3855.08623
    -3855.42196
    -3855.58512
    -3855.56357
    -3855.44860
    -3855.36797
    -3855.42064
    -3855.61722
    -3855.90869
    -3856.20663
    -3856.41709
    -3856.49847
    -3856.43888
    -3856.25360
    -3857.25424
    -3856.94977
    -3856.60692
    -3856.24726
    -3855.89240
    -3855.56902
    -3855.31570
    -3855.16895
    -3855.15522
    -3855.26575
    -3855.45509
    -3855.66327
    -3855.83966
    -3855.97437
    -3856.04174
    -3856.02396
    -3855.91958
    -3855.77645
    -3855.64504
    -3855.57588
    -3855.61318
    -3855.79029
    -3856.14857
    -3856.69786
    -3857.37013
    -3858.01196
    -3858.46479
    -3858.64062
    -3858.54532
    -3858.20672
    -3857.65632
    -3856.92134
    -3856.05903
    -3855.15940
    -3854.30458
    -3853.54397
    -3852.88426
    -3852.32330
    -3851.87799
    -3851.58751
    -3851.46199
    -3851.46963
    -3851.52893
    -3851.56060
    -3851.51542
    -3851.41120
    -3851.32836
    -3851.36079
    -3851.59827
    -3852.08407
    -3854.11608
    -3855.02691
    -3855.99121
    -3856.89375
    -3857.64922
    -3858.21687
    -3858.60288
    -3858.84955
    -3859.01980
    -3859.16714
    -3859.29744
    -3859.39350
    -3859.41614
    -3859.33339
    -3859.11478
    -3858.75042
    -3858.23701
    -3857.58555
    -3856.81232
    -3855.95112
    -3855.05088
    -3854.17633
    -3853.38948
    -3852.75113
    -3852.30991
    -3852.07311
    -3852.02665
    -3852.11358
    -3852.30030
    -3852.59240
    -3853.04243
    -3853.70373
    -3854.57934
    -3855.63911
    -3856.78714
    -3857.85677
    -3858.60942
    -3858.85797
    -3858.61037
    -3858.03265
    -3857.36067
    -3856.80171
    -3856.44739
    -3856.31713
    -3856.38623
    -3856.60189
    -3856.89366
    -3857.17288
    -3857.32921
    -3857.27454
    -3858.13408
    -3857.59618
    -3856.86335
    -3856.02636
    -3855.20090
    -3854.50806
    -3854.06157
    -3853.95606
    -3854.24981
    -3854.95100
    -3855.97014
    -3857.04837
    -3857.85071
    -3858.12117
    -3857.83963
    -3857.17501
    -3856.39470
    -3855.68822
    -3855.13632
    -3854.72499
    -3854.43083
    -3854.26086
    -3854.24490
    -3854.39867
    -3854.69288
    -3855.06084
    -3855.42363
    -3855.73263
    -3855.98925
    -3856.21959
    -3856.40015
    -3856.44223
    -3856.23932
    -3855.74256
    -3854.99369
    -3854.11897
    -3853.27950
    -3852.63380
    -3852.30356
    -3852.34190
    -3852.71623
    -3853.35210
    -3854.13523
    -3854.92333
    -3855.55582
    -3855.92141
    -3855.99164
    -3855.82086
    -3855.49604
    -3855.11316
    -3855.95852
    -3855.72209
    -3855.61759
    -3855.65745
    -3855.77830
    -3855.87809
    -3855.83998
    -3855.61832
    -3855.26736
    -3854.92525
    -3854.76039
    -3854.89994
    -3855.37168
    -3856.11837
    -3857.00673
    -3857.90237
    -3858.71982
    -3859.42115
    -3860.00733
    -3860.44017
    -3860.62337
    -3860.45569
    -3859.89958
    -3859.02940
    -3857.98123
    -3856.90997
    -3855.93611
    -3855.13509
    -3854.54498
    -3854.20028
    -3854.11695
    -3854.29196
    -3854.68210
    -3855.22420
    -3855.80412
    -3856.29276
    -3856.56469
    -3856.52671
    -3856.14000
    -3855.45253
    -3854.57923
    -3853.66962
    -3852.86548
    -3852.26954
    -3851.93865
    -3851.88008
    -3852.04633
    -3852.38193
    -3852.85681
    -3853.47588
    -3855.43707
    -3856.28572
    -3857.08518
    -3857.71182
    -3858.07132
    -3858.15108
    -3858.01086
    -3857.77066
    -3857.54586
    -3857.42517
    -3857.43532
    -3857.54953
    -3857.71947
    -3857.90537
    -3858.09585
    -3858.27371
    -3858.41072
    -3858.45666
    -3858.36042
    -3858.11869
    -3857.75940
    -3857.33195
    -3856.88063
    -3856.40149
    -3855.88645
    -3855.31227
    -3854.68743
    -3854.05051
    -3853.46929
    -3853.01270
    -3852.72965
    -3852.64047
    -3852.74775
    -3853.05379
    -3853.54698
    -3854.15163
    -3854.72493
    -3855.15223
    -3855.41911
    -3855.58782
    -3855.73680
    -3855.89091
    -3856.03834
    -3856.14277
    -3856.15193
    -3856.02325
    -3855.76079
    -3855.42869
    -3855.13205
    -3854.99143
    -3856.24936
    -3856.46865
    -3856.71067
    -3856.87269
    -3856.91473
    -3856.85785
    -3856.74688
    -3856.60284
    -3856.44375
    -3856.25923
    -3856.02592
    -3855.72148
    -3855.33251
    -3854.86519
    -3854.35623
    -3853.86436
    -3853.46888
    -3853.25830
    -3853.32261
    -3853.70994
    -3854.39569
    -3855.25707
    -3856.09849
    -3856.75924
    -3857.15663
    -3857.28548
    -3857.17246
    -3856.83391
    -3856.28267
    -3855.54223
    -3854.66474
    -3853.73760
    -3852.86844
    -3852.18193
    -3851.78017
    -3851.74202
    -3852.11600
    -3852.90864
    -3854.07272
    -3855.48832
    -3856.94984
    -3858.18837
    -3858.91925
    -3858.95411
    -3858.28061
    -3857.07313
    -3855.59653
    -3854.11802
    -3852.87586
    -3852.06636
    -3853.06242
    -3853.37062
    -3854.10668
    -3855.05784
    -3856.03135
    -3856.88109
    -3857.54303
    -3858.00052
    -3858.23982
    -3858.25265
    -3858.02226
    -3857.56566
    -3856.92867
    -3856.18868
    -3855.43493
    -3854.75985
    -3854.25693
    -3853.98025
    -3853.95373
    -3854.17039
    -3854.57942
    -3855.10142
    -3855.62699
    -3856.04392
    -3856.27656
    -3856.30755
    -3856.17038
    -3855.92449
    -3855.63623
    -3855.35802
    -3855.12257
    -3854.96179
    -3854.87218
    -3854.84864
    -3854.86649
    -3854.90597
    -3854.94713
    -3854.96390
    -3854.92736
    -3854.81877
    -3854.63354
    -3854.41974
    -3854.26706
    -3854.26345
    -3854.46048
    -3854.82570
    -3855.24097
    -3855.56975
    -3855.71076
    -3855.63998
    -3856.61382
    -3856.27929
    -3855.90337
    -3855.53492
    -3855.21978
    -3854.98528
    -3854.85013
    -3854.82616
    -3854.92018
    -3855.13762
    -3855.48768
    -3855.97089
    -3856.58139
    -3857.26995
    -3857.97421
    -3858.62292
    -3859.14918
    -3859.50362
    -3859.64367
    -3859.52746
    -3859.13196
    -3858.46819
    -3857.57045
    -3856.49460
    -3855.31592
    -3854.12679
    -3853.04518
    -3852.18769
    -3851.67067
    -3851.56077
    -3851.86874
    -3852.53937
    -3853.48386
    -3854.57363
    -3855.66617
    -3856.63713
    -3857.40426
    -3857.91168
    -3858.12637
    -3858.04095
    -3857.68254
    -3857.08470
    -3856.31641
    -3855.45769
    -3854.59666
    -3853.82839
    -3853.24620
    -3852.92776
    -3852.92186
    -3853.21318
    -3854.90929
    -3855.54960
    -3856.13888
    -3856.55001
    -3856.70760
    -3856.59685
    -3856.27105
    -3855.82059
    -3855.34283
    -3854.94452
    -3854.70613
    -3854.64095
    -3854.71171
    -3854.85993
    -3855.04843
    -3855.23344
    -3855.35525
    -3855.35171
    -3855.19808
    -3854.93220
    -3854.62734
    -3854.36927
    -3854.21444
    -3854.19852
    -3854.34352
    -3854.65228
    -3855.09217
    -3855.61654
    -3856.15167
    -3856.61625
    -3856.94626
    -3857.11585
    -3857.15060
    -3857.12107
    -3857.11238
    -3857.20521
    -3857.45252
    -3857.83519
    -3858.28520
    -3858.68922
    -3858.92060
    -3858.87506
    -3858.50172
    -3857.81017
    -3856.87017
    -3855.77812
    -3854.63287
    -3853.53742
    -3852.59784
    -3851.93465
    -3852.73148
    -3852.94439
    -3853.59916
    -3854.59852
    -3855.77540
    -3856.93695
    -3857.90631
    -3858.55715
    -3858.84142
    -3858.78841
    -3858.46186
    -3857.96054
    -3857.38670
    -3856.83165
    -3856.36965
    -3856.04897
    -3855.87563
    -3855.80728
    -3855.76001
    -3855.64270
    -3855.39338
    -3854.97391
    -3854.40601
    -3853.73633
    -3853.06877
    -3852.52194
    -3852.21401
    -3852.23281
    -3852.60201
    -3853.28195
    -3854.16023
    -3855.08699
    -3855.90319
    -3856.47686
    -3856.74369
    -3856.70968
    -3856.42988
    -3856.02367
    -3855.64199
    -3855.38048
    -3855.19358
    -3854.94034
    -3854.55694
    -3854.10332
    -3853.68821
    -3853.36702
    -3853.14440
    -3853.00659
    -3852.95788
    -3853.02320
    -3854.57669
    -3854.95455
    -3855.43007
    -3855.94539
    -3856.43158
    -3856.81864
    -3857.07424
    -3857.20612
    -3857.24663
    -3857.21786
    -3857.09705
    -3856.82638
    -3856.34888
    -3855.67237
    -3854.88817
    -3854.16292
    -3853.71245
    -3853.67813
    -3854.05584
    -3854.69824
    -3855.38820
    -3855.94114
    -3856.28635
    -3856.47160
    -3856.57066
    -3856.57709
    -3856.42231
    -3856.09942
    -3855.71058
    -3855.39729
    -3855.25768
    -3855.30121
    -3855.50078
    -3855.80230
    -3856.12846
    -3856.38794
    -3856.51707
    -3856.46719
    -3856.22178
    -3855.79527
    -3855.24998
    -3854.70812
    -3854.33770
    -3854.26478
    -3854.48571
    -3854.90092
    -3855.40630
    -3855.94611
    -3856.50708
    -3857.03316
    -3858.51391
    -3858.65580
    -3858.46350
    -3857.96937
    -3857.26424
    -3856.45436
    -3855.61634
    -3854.80356
    -3854.06695
    -3853.44287
    -3852.95903
    -3852.63292
    -3852.48520
    -3852.55722
    -3852.90650
    -3853.56384
    -3854.48882
    -3855.57232
    -3856.66609
    -3857.63629
    -3858.39243
    -3858.87814
    -3859.04287
    -3858.85515
    -3858.34081
    -3857.60011
    -3856.79743
    -3856.09465
    -3855.59718
    -3855.31100
    -3855.17463
    -3855.09137
    -3854.99341
    -3854.85015
    -3854.66797
    -3854.46306
    -3854.24939
    -3854.04026
    -3853.83827
    -3853.66516
    -3853.54401
    -3853.50744
    -3853.57382
    -3853.76453
    -3854.11040
    -3854.62843
    -3855.25942
    -3855.88967
    -3856.39968
    -3856.70644
    -3857.95060
    -3857.88316
    -3857.72748
    -3857.57892
    -3857.51269
    -3857.57602
    -3857.75202
    -3857.96328
    -3858.11032
    -3858.10382
    -3857.92664
    -3857.60565
    -3857.19950
    -3856.75075
    -3856.28838
    -3855.83457
    -3855.40389
    -3855.01180
    -3854.67555
    -3854.41121
    -3854.22500
    -3854.15270
    -3854.23603
    -3854.51706
    -3854.98335
    -3855.54237
    -3856.05917
    -3856.39658
    -3856.48140
    -3856.31750
    -3855.96224
    -3855.50721
    -3855.04756
    -3854.69109
    -3854.51058
    -3854.53261
    -3854.71665
    -3854.98794
    -3855.24851
    -3855.42983
    -3855.48947
    -3855.43826
    -3855.31461
    -3855.12680
    -3854.85426
    -3854.45260
    -3853.92582
    -3853.33505
    -3852.79287
    -3852.40693
    -3853.46590
    -3853.52635
    -3853.73582
    -3853.99572
    -3854.20643
    -3854.33054
    -3854.40625
    -3854.54734
    -3854.88055
    -3855.47957
    -3856.32153
    -3857.28166
    -3858.19116
    -3858.89055
    -3859.26380
    -3859.26775
    -3858.94935
    -3858.38227
    -3857.67534
    -3856.93871
    -3856.25272
    -3855.65723
    -3855.14471
    -3854.70938
    -3854.37130
    -3854.17751
    -3854.17168
    -3854.35235
    -3854.67913
    -3855.08987
    -3855.54185
    -3856.00034
    -3856.42393
    -3856.72430
    -3856.79245
    -3856.54632
    -3855.95325
    -3855.07835
    -3854.07866
    -3853.15331
    -3852.50296
    -3852.27692
    -3852.51503
    -3853.16454
    -3854.09260
    -3855.15411
    -3856.19746
    -3857.08943
    -3857.73650
    -3858.08261
    -3859.34948
    -3859.10011
    -3858.60517
    -3857.95817
    -3857.27102
    -3856.63938
    -3856.13191
    -3855.76304
    -3855.50910
    -3855.36070
    -3855.30438
    -3855.34768
    -3855.51719
    -3855.82668
    -3856.27462
    -3856.82532
    -3857.40689
    -3857.90665
    -3858.20862
    -3858.23073
    -3857.95917
    -3857.46343
    -3856.86391
    -3856.29084
    -3855.84269
    -3855.55575
    -3855.41095
    -3855.36590
    -3855.38332
    -3855.46373
    -3855.61519
    -3855.81422
    -3855.98329
    -3855.99076
    -3855.73339
    -3855.22404
    -3854.58418
    -3853.99442
    -3853.64401
    -3853.67592
    -3854.13251
    -3854.88126
    -3855.66121
    -3856.23889
    -3856.53545
    -3856.61802
    -3856.57447
    -3856.45696
    -3856.25186
    -3855.94849
    -3856.83585
    -3856.49839
    -3856.24818
    -3856.12973
    -3856.15120
    -3856.29093
    -3856.51200
    -3856.77820
    -3857.04645
    -3857.26117
    -3857.38440
    -3857.39205
    -3857.30267
    -3857.14645
    -3856.96118
    -3856.75781
    -3856.53209
    -3856.25906
    -3855.93682
    -3855.58353
    -3855.24359
    -3854.98745
    -3854.89916
    -3855.03657
    -3855.39502
    -3855.88897
    -3856.36195
    -3856.64960
    -3856.64556
    -3856.33621
    -3855.82104
    -3855.25372
    -3854.76541
    -3854.40046
    -3854.14741
    -3853.96532
    -3853.80354
    -3853.66133
    -3853.54848
    -3853.47077
    -3853.42775
    -3853.42302
    -3853.46121
    -3853.56405
    -3853.75299
    -3854.02656
    -3854.36997
    -3854.75129
    -3855.16174
    -3855.61185
    -3857.28020
    -3857.80943
    -3858.26410
    -3858.53664
    -3858.55454
    -3858.31526
    -3857.88810
    -3857.37895
    -3856.89205
    -3856.51803
    -3856.33408
    -3856.35989
    -3856.56144
    -3856.84637
    -3857.13155
    -3857.33705
    -3857.40238
    -3857.29486
    -3856.99642
    -3856.53581
    -3855.98310
    -3855.42217
    -3854.92181
    -3854.50693
    -3854.16622
    -3853.82320
    -3853.42039
    -3852.94428
    -3852.42539
    -3851.91719
    -3851.45353
    -3851.04619
    -3850.69812
    -3850.43587
    -3850.32745
    -3850.47251
    -3850.94445
    -3851.69066
    -3852.50062
    -3853.13001
    -3853.45698
    -3853.57752
    -3853.71882
    -3854.07752
    -3854.70517
    -3855.50999
    -3856.35617
    -3857.13622
    -3857.80048
    -3858.35959
    -3860.03218
    -3860.44852
    -3860.72494
    -3860.77490
    -3860.55807
    -3860.14190
    -3859.63111
    -3859.12373
    -3858.66032
    -3858.22865
    -3857.78849
    -3857.29280
    -3856.75308
    -3856.23666
    -3855.83742
    -3855.63063
    -3855.61585
    -3855.73219
    -3855.85261
    -3855.86192
    -3855.73574
    -3855.51318
    -3855.29439
    -3855.18219
    -3855.21983
    -3855.39142
    -3855.61567
    -3855.80805
    -3855.90293
    -3855.86912
    -3855.69601
    -3855.39639
    -3854.97631
    -3854.45942
    -3853.87909
    -3853.27246
    -3852.65879
    -3852.07198
    -3851.54935
    -3851.15482
    -3850.96308
    -3851.02591
    -3851.36471
    -3851.95337
    -3852.71851
    -3853.57588
    -3854.46017
    -3855.34239
    -3856.23354
    -3857.13557
    -3859.28709
    -3860.02040
    -3860.49642
    -3860.63871
    -3860.44328
    -3859.95006
    -3859.25374
    -3858.43377
    -3857.55182
    -3856.62826
    -3855.66987
    -3854.74011
    -3853.95142
    -3853.43809
    -3853.29514
    -3853.53772
    -3854.09625
    -3854.84920
    -3855.69210
    -3856.52460
    -3857.25603
    -3857.81495
    -3858.15027
    -3858.26223
    -3858.18351
    -3857.95754
    -3857.63088
    -3857.22871
    -3856.77705
    -3856.28008
    -3855.72458
    -3855.08511
    -3854.34594
    -3853.52771
    -3852.69320
    -3851.95454
    -3851.42331
    -3851.17044
    -3851.21549
    -3851.53604
    -3852.09379
    -3852.84184
    -3853.75113
    -3854.78022
    -3855.84968
    -3856.85469
    -3857.69416
    -3858.30495
    -3858.67661
    -3858.81134
    -3859.96111
    -3859.71715
    -3859.32383
    -3858.81744
    -3858.22527
    -3857.59282
    -3856.97075
    -3856.42485
    -3856.01944
    -3855.78049
    -3855.69012
    -3855.68381
    -3855.69407
    -3855.66871
    -3855.59692
    -3855.49095
    -3855.34751
    -3855.14510
    -3854.86306
    -3854.54451
    -3854.28149
    -3854.19554
    -3854.36598
    -3854.82135
    -3855.52931
    -3856.40681
    -3857.30860
    -3858.04398
    -3858.42806
    -3858.38318
    -3857.93819
    -3857.18727
    -3856.22862
    -3855.14016
    -3854.03655
    -3853.08365
    -3852.47123
    -3852.33763
    -3852.70296
    -3853.42184
    -3854.26230
    -3855.03065
    -3855.64253
    -3856.11110
    -3856.48254
    -3856.76688
    -3856.92462
    -3856.90761
    -3856.70031
    -3856.37347
    -3857.26207
    -3857.18532
    -3857.35964
    -3857.70158
    -3858.01810
    -3858.14739
    -3858.04615
    -3857.78192
    -3857.46420
    -3857.19870
    -3857.07949
    -3857.15670
    -3857.43247
    -3857.84519
    -3858.27265
    -3858.58034
    -3858.66036
    -3858.48272
    -3858.07505
    -3857.51429
    -3856.92699
    -3856.43962
    -3856.14106
    -3856.04206
    -3856.07635
    -3856.12617
    -3856.07782
    -3855.86172
    -3855.46068
    -3854.92012
    -3854.35544
    -3853.90753
    -3853.69681
    -3853.74446
    -3853.97597
    -3854.25533
    -3854.46890
    -3854.56801
    -3854.57391
    -3854.53740
    -3854.50487
    -3854.51074
    -3854.55836
    -3854.59021
    -3854.54306
    -3854.39458
    -3854.18345
    -3854.01448
    -3853.99997
    -3854.20774
    -3855.92990
    -3856.61019
    -3857.38101
    -3858.09582
    -3858.60351
    -3858.82628
    -3858.76404
    -3858.50104
    -3858.15336
    -3857.82697
    -3857.55961
    -3857.34388
    -3857.13601
    -3856.88446
    -3856.55604
    -3856.12708
    -3855.57714
    -3854.90992
    -3854.15292
    -3853.38853
    -3852.72162
    -3852.29410
    -3852.23714
    -3852.62921
    -3853.44818
    -3854.56290
    -3855.76530
    -3856.85342
    -3857.68088
    -3858.18396
    -3858.39068
    -3858.37989
    -3858.22649
    -3857.95974
    -3857.53735
    -3856.88802
    -3855.99768
    -3854.93765
    -3853.85550
    -3852.89822
    -3852.19205
    -3851.84246
    -3851.91130
    -3852.41148
    -3853.25912
    -3854.29265
    -3855.32145
    -3856.17199
    -3856.74457
    -3857.00493
    -3858.20637
    -3857.86359
    -3857.23297
    -3856.39785
    -3855.49973
    -3854.70287
    -3854.12722
    -3853.78101
    -3853.57079
    -3853.37682
    -3853.10478
    -3852.72245
    -3852.26824
    -3851.83314
    -3851.53257
    -3851.49290
    -3851.81549
    -3852.55082
    -3853.67710
    -3855.09841
    -3856.62288
    -3858.00023
    -3858.98326
    -3859.41155
    -3859.26709
    -3858.65372
    -3857.74954
    -3856.75616
    -3855.85441
    -3855.18160
    -3854.82180
    -3854.80227
    -3855.10917
    -3855.70863
    -3856.54088
    -3857.52727
    -3858.55464
    -3859.49011
    -3860.19290
    -3860.54884
    -3860.50140
    -3860.07333
    -3859.34784
    -3858.44084
    -3857.45035
    -3856.43449
    -3855.42241
    -3854.44036
    -3853.55191
    -3852.81849
    -3853.38771
    -3853.01538
    -3852.77355
    -3852.67926
    -3852.76386
    -3853.01575
    -3853.35927
    -3853.67172
    -3853.83502
    -3853.78331
    -3853.52507
    -3853.14155
    -3852.74926
    -3852.50440
    -3852.56107
    -3853.01809
    -3853.90534
    -3855.16211
    -3856.64408
    -3858.13952
    -3859.40724
    -3860.25396
    -3860.59475
    -3860.45869
    -3859.94825
    -3859.18110
    -3858.27376
    -3857.33759
    -3856.48892
    -3855.82315
    -3855.40277
    -3855.19054
    -3855.06690
    -3854.90675
    -3854.66936
    -3854.39974
    -3854.17902
    -3854.07090
    -3854.09205
    -3854.22550
    -3854.44746
    -3854.71659
    -3855.00275
    -3855.26741
    -3855.43364
    -3855.43159
    -3855.25117
    -3854.98245
    -3854.74577
    -3854.62292
    -3855.90592
    -3855.95303
    -3855.96637
    -3855.90878
    -3855.79006
    -3855.65344
    -3855.57131
    -3855.60194
    -3855.78464
    -3856.11361
    -3856.53967
    -3856.98747
    -3857.37176
    -3857.63033
    -3857.74578
    -3857.73909
    -3857.63483
    -3857.46455
    -3857.23024
    -3856.91093
    -3856.45618
    -3855.83513
    -3855.04420
    -3854.13708
    -3853.23466
    -3852.48469
    -3852.02061
    -3851.91474
    -3852.17998
    -3852.76500
    -3853.54847
    -3854.37570
    -3855.10205
    -3855.65101
    -3856.04075
    -3856.34598
    -3856.64521
    -3856.97340
    -3857.32156
    -3857.64528
    -3857.89699
    -3858.03122
    -3858.01664
    -3857.84845
    -3857.55531
    -3857.19242
    -3856.82928
    -3856.52956
    -3856.31907
    -3856.17672
    -3857.24103
    -3857.15417
    -3857.03364
    -3856.85339
    -3856.56582
    -3856.16367
    -3855.70677
    -3855.32010
    -3855.13105
    -3855.20628
    -3855.49022
    -3855.84821
    -3856.12338
    -3856.22170
    -3856.13701
    -3855.91736
    -3855.63915
    -3855.36943
    -3855.13760
    -3854.94134
    -3854.76257
    -3854.58398
    -3854.44036
    -3854.40410
    -3854.57596
    -3855.02547
    -3855.75197
    -3856.65477
    -3857.54454
    -3858.22746
    -3858.57316
    -3858.57103
    -3858.30089
    -3857.87268
    -3857.38001
    -3856.87958
    -3856.41498
    -3856.00716
    -3855.68249
    -3855.47025
    -3855.39260
    -3855.46336
    -3855.66922
    -3855.95233
    -3856.19913
    -3856.27066
    -3856.03922
    -3855.45765
    -3854.57934
    -3853.54422
    -3853.76402
    -3852.93121
    -3852.33796
    -3852.01174
    -3851.95383
    -3852.17562
    -3852.70542
    -3853.52995
    -3854.56924
    -3855.67818
    -3856.69208
    -3857.45492
    -3857.86705
    -3857.92053
    -3857.68144
    -3857.30489
    -3856.97589
    -3856.87815
    -3857.10494
    -3857.60098
    -3858.18346
    -3858.63662
    -3858.81366
    -3858.68349
    -3858.26841
    -3857.64193
    -3856.90386
    -3856.14848
    -3855.52815
    -3855.19285
    -3855.25324
    -3855.70999
    -3856.43817
    -3857.22514
    -3857.85280
    -3858.16386
    -3858.05916
    -3857.51329
    -3856.57812
    -3855.35816
    -3854.00188
    -3852.65744
    -3851.45441
    -3850.51431
    -3849.95480
    -3849.86660
    -3850.29098
    -3851.18032
    -3852.38857
    -3853.68489
    -3855.86090
    -3856.70554
    -3857.16287
    -3857.30885
    -3857.27589
    -3857.17216
    -3857.07252
    -3857.02213
    -3857.03145
    -3857.07395
    -3857.09713
    -3857.05200
    -3856.90086
    -3856.62921
    -3856.23797
    -3855.74892
    -3855.21012
    -3854.68609
    -3854.24043
    -3853.91312
    -3853.74688
    -3853.76483
    -3853.96203
    -3854.32012
    -3854.80125
    -3855.34628
    -3855.88705
    -3856.33881
    -3856.61568
    -3856.67434
    -3856.51348
    -3856.18131
    -3855.75349
    -3855.31935
    -3854.97361
    -3854.80226
    -3854.87999
    -3855.25243
    -3855.91602
    -3856.82485
    -3857.86625
    -3858.89823
    -3859.76838
    -3860.36081
    -3860.63599
    -3860.64741
    -3860.50444
    -3860.28831
    -3860.00126
    -3859.56673
    -3860.11953
    -3859.26676
    -3858.21113
    -3856.99336
    -3855.68019
    -3854.35209
    -3853.10556
    -3852.04537
    -3851.27662
    -3850.86406
    -3850.81898
    -3851.13526
    -3851.76437
    -3852.60684
    -3853.54241
    -3854.43238
    -3855.17037
    -3855.69247
    -3855.97897
    -3856.05785
    -3856.00460
    -3855.89854
    -3855.79890
    -3855.74555
    -3855.74864
    -3855.79734
    -3855.86433
    -3855.92690
    -3855.96505
    -3856.00251
    -3856.07945
    -3856.23874
    -3856.47291
    -3856.73462
    -3856.93725
    -3856.98704
    -3856.81340
    -3856.39836
    -3855.76395
    -3854.97543
    -3854.12663
    -3853.33396
    -3852.71598
    -3852.37122
    -3852.33681
    -3852.56623
    -3852.94300
    -3853.33709
    -3853.65152
    -3853.84933
    -3855.25327
    -3855.29684
    -3855.28188
    -3855.22212
    -3855.15685
    -3855.14314
    -3855.21387
    -3855.35088
    -3855.48447
    -3855.56133
    -3855.57927
    -3855.59933
    -3855.68869
    -3855.88129
    -3856.14940
    -3856.46027
    -3856.80973
    -3857.20355
    -3857.61332
    -3857.96788
    -3858.18861
    -3858.19984
    -3857.96896
    -3857.52628
    -3856.95769
    -3856.39651
    -3855.96096
    -3855.67121
    -3855.44901
    -3855.19397
    -3854.89509
    -3854.64566
    -3854.53841
    -3854.57071
    -3854.65885
    -3854.68800
    -3854.54953
    -3854.21525
    -3853.72790
    -3853.19719
    -3852.75856
    -3852.53080
    -3852.56072
    -3852.84711
    -3853.34380
    -3853.98056
    -3854.68718
    -3855.40108
    -3856.06409
    -3856.61149
    -3858.17377
    -3858.33225
    -3858.23283
    -3857.88294
    -3857.31664
    -3856.59931
    -3855.81155
    -3855.04081
    -3854.34425
    -3853.75426
    -3853.29128
    -3852.98015
    -3852.84798
    -3852.90934
    -3853.17079
    -3853.64418
    -3854.35002
    -3855.33826
    -3856.60612
    -3858.01600
    -3859.31467
    -3860.25200
    -3860.68856
    -3860.63664
    -3860.22861
    -3859.62151
    -3858.95436
    -3858.29574
    -3857.65064
    -3856.99077
    -3856.27386
    -3855.47482
    -3854.59240
    -3853.65840
    -3852.73897
    -3851.92715
    -3851.34158
    -3851.09681
    -3851.26398
    -3851.84817
    -3852.78044
    -3853.91836
    -3855.08798
    -3856.12896
    -3856.94742
    -3857.50190
    -3857.77181
    -3857.74845
    -3857.48978
    -3857.10442
    -3857.94949
    -3857.64333
    -3857.39506
    -3857.14280
    -3856.83028
    -3856.44098
    -3856.00262
    -3855.59529
    -3855.28965
    -3855.12374
    -3855.08329
    -3855.12235
    -3855.14677
    -3855.07145
    -3854.83819
    -3854.45002
    -3853.97530
    -3853.49974
    -3853.09746
    -3852.80449
    -3852.63827
    -3852.65933
    -3852.93782
    -3853.50793
    -3854.33839
    -3855.30169
    -3856.22160
    -3856.92067
    -3857.28613
    -3857.29202
    -3857.00318
    -3856.55804
    -3856.12644
    -3855.85073
    -3855.82313
    -3856.05758
    -3856.50828
    -3857.08215
    -3857.63734
    -3858.03104
    -3858.14183
    -3857.91078
    -3857.36712
    -3856.60307
    -3855.74485
    -3854.90910
    -3854.20282
    -3853.70575
    -3853.45065
    -3853.43419
    -3854.77133
    -3855.13404
    -3855.62002
    -3856.20349
    -3856.87399
    -3857.58796
    -3858.26260
    -3858.79642
    -3859.08204
    -3859.03195
    -3858.60889
    -3857.83360
    -3856.78462
    -3855.58495
    -3854.37123
    -3853.29213
    -3852.47891
    -3852.01679
    -3851.92790
    -3852.18949
    -3852.73921
    -3853.50861
    -3854.41911
    -3855.36754
    -3856.22502
    -3856.88366
    -3857.28673
    -3857.43946
    -3857.40683
    -3857.26631
    -3857.07491
    -3856.86689
    -3856.66275
    -3856.48044
    -3856.32552
    -3856.20792
    -3856.13620
    -3856.14531
    -3856.27860
    -3856.57338
    -3857.02628
    -3857.58991
    -3858.17463
    -3858.65828
    -3858.89084
    -3858.76268
    -3858.25190
    -3857.42130
    -3856.34984
    -3855.11446
    -3854.97654
    -3853.64975
    -3852.38039
    -3851.28720
    -3850.49746
    -3850.11995
    -3850.19614
    -3850.68167
    -3851.43738
    -3852.33055
    -3853.29278
    -3854.34433
    -3855.50541
    -3856.72571
    -3857.88234
    -3858.82109
    -3859.42734
    -3859.64564
    -3859.48663
    -3858.99460
    -3858.21548
    -3857.19953
    -3856.00715
    -3854.72706
    -3853.48686
    -3852.43588
    -3851.69754
    -3851.34053
    -3851.37951
    -3851.77946
    -3852.49863
    -3853.49065
    -3854.67286
    -3855.88599
    -3856.91666
    -3857.57241
    -3857.74222
    -3857.45333
    -3856.85922
    -3856.16054
    -3855.53678
    -3855.07852
    -3854.78302
    -3854.59667
    -3854.46035
    -3854.34627
    -3854.27898
    -3854.28811
    -3854.39698
    -3854.59410
    -3856.02355
    -3856.24648
    -3856.42931
    -3856.59346
    -3856.80892
    -3857.13349
    -3857.59801
    -3858.17024
    -3858.76674
    -3859.27807
    -3859.61895
    -3859.73085
    -3859.59237
    -3859.21022
    -3858.59353
    -3857.79654
    -3856.89332
    -3855.98800
    -3855.18314
    -3854.53499
    -3854.07198
    -3853.80910
    -3853.76153
    -3853.90449
    -3854.14220
    -3854.33432
    -3854.37888
    -3854.27802
    -3854.07815
    -3853.82031
    -3853.52132
    -3853.20272
    -3852.91143
    -3852.71660
    -3852.69994
    -3852.90872
    -3853.34683
    -3853.96194
    -3854.66553
    -3855.35660
    -3855.93729
    -3856.34789
    -3856.57897
    -3856.67197
    -3856.71833
    -3856.82230
    -3857.07617
    -3857.51759
    -3858.10701
    -3858.72966
    -3860.46483
    -3860.76926
    -3860.80865
    -3860.57576
    -3860.09374
    -3859.40845
    -3858.58216
    -3857.67888
    -3856.77638
    -3855.94253
    -3855.23970
    -3854.70621
    -3854.38502
    -3854.28812
    -3854.39270
    -3854.65379
    -3855.02414
    -3855.43292
    -3855.82060
    -3856.10680
    -3856.23326
    -3856.17988
    -3855.97231
    -3855.68560
    -3855.42165
    -3855.27167
    -3855.29206
    -3855.46574
    -3855.70714
    -3855.90179
    -3855.94439
    -3855.79120
    -3855.48028
    -3855.10772
    -3854.78650
    -3854.58507
    -3854.49494
    -3854.43562
    -3854.30076
    -3854.00470
    -3853.53079
    -3852.94141
    -3852.36281
    -3851.95535
    -3851.87090
    -3852.18235
    -3852.83280
    -3853.65825
    -3854.46473
    -3855.14210
    -3856.99091
    -3857.50564
    -3858.04262
    -3858.63396
    -3859.25842
    -3859.81585
    -3860.17534
    -3860.20749
    -3859.87708
    -3859.26462
    -3858.52681
    -3857.84012
    -3857.35547
    -3857.12689
    -3857.13285
    -3857.27771
    -3857.44773
    -3857.54915
    -3857.53417
    -3857.41424
    -3857.23121
    -3857.05293
    -3856.93016
    -3856.88179
    -3856.87906
    -3856.85518
    -3856.75465
    -3856.55700
    -3856.27850
    -3855.92122
    -3855.45716
    -3854.86930
    -3854.18279
    -3853.47870
    -3852.87155
    -3852.49010
    -3852.45660
    -3852.85242
    -3853.67022
    -3854.76944
    -3855.86708
    -3856.65326
    -3856.91606
    -3856.64033
    -3855.96793
    -3855.10821
    -3854.26821
    -3853.57556
    -3853.08289
    -3852.79627
    -3853.87629
    -3853.99649
    -3854.29870
    -3854.74504
    -3855.26795
    -3855.78918
    -3856.23640
    -3856.55204
    -3856.71952
    -3856.74405
    -3856.66480
    -3856.55319
    -3856.48191
    -3856.51413
    -3856.68394
    -3856.97926
    -3857.35699
    -3857.76421
    -3858.11862
    -3858.34865
    -3858.40697
    -3858.28494
    -3858.02332
    -3857.68972
    -3857.35513
    -3857.07002
    -3856.84585
    -3856.65446
    -3856.44842
    -3856.20048
    -3855.93530
    -3855.70070
    -3855.53535
    -3855.45960
    -3855.46736
    -3855.52114
    -3855.60058
    -3855.69060
    -3855.78517
    -3855.85752
    -3855.89893
    -3855.90349
    -3855.88583
    -3855.86890
    -3855.84947
    -3855.82727
    -3855.81209
    -3855.85162
    -3855.97601
    -3856.17007
    -3857.45508
    -3857.51460
    -3857.34279
    -3856.91771
    -3856.29599
    -3855.58835
    -3854.96414
    -3854.59750
    -3854.59582
    -3854.94242
    -3855.49712
    -3856.03825
    -3856.39110
    -3856.49038
    -3856.40058
    -3856.25951
    -3856.19779
    -3856.28275
    -3856.50277
    -3856.78638
    -3857.04680
    -3857.22592
    -3857.30218
    -3857.27914
    -3857.15584
    -3856.90801
    -3856.50940
    -3855.96856
    -3855.30432
    -3854.57702
    -3853.86480
    -3853.24729
    -3852.78079
    -3852.48473
    -3852.34209
    -3852.32001
    -3852.39517
    -3852.54833
    -3852.78227
    -3853.10092
    -3853.51507
    -3854.02667
    -3854.61306
    -3855.23540
    -3855.82910
    -3856.32709
    -3856.69366
    -3856.94130
    -3857.12019
    -3857.25091
    -3858.58424
    -3858.44542
    -3858.01884
    -3857.30441
    -3856.40964
    -3855.50714
    -3854.78206
    -3854.37026
    -3854.31869
    -3854.58974
    -3855.06279
    -3855.58653
    -3856.02118
    -3856.27859
    -3856.35572
    -3856.31624
    -3856.24713
    -3856.20058
    -3856.18153
    -3856.13992
    -3855.99832
    -3855.69903
    -3855.20778
    -3854.56305
    -3853.84707
    -3853.15790
    -3852.57532
    -3852.14797
    -3851.88998
    -3851.80032
    -3851.88414
    -3852.16780
    -3852.69716
    -3853.53487
    -3854.72518
    -3856.20624
    -3857.73339
    -3858.95944
    -3859.62869
    -3859.71232
    -3859.33594
    -3858.68191
    -3857.90470
    -3857.12937
    -3856.43439
    -3855.84481
    -3855.34726
    -3854.90363
    -3854.45641
    -3853.98043
    -3854.74045
    -3854.21865
    -3853.66897
    -3853.10704
    -3852.57729
    -3852.15901
    -3851.96200
    -3852.09677
    -3852.62055
    -3853.50521
    -3854.63830
    -3855.87184
    -3857.04749
    -3858.03197
    -3858.73341
    -3859.12055
    -3859.21127
    -3859.05898
    -3858.69732
    -3858.14011
    -3857.39458
    -3856.47361
    -3855.43066
    -3854.37151
    -3853.41942
    -3852.69331
    -3852.28330
    -3852.22509
    -3852.53044
    -3853.15793
    -3854.04816
    -3855.11317
    -3856.24021
    -3857.29586
    -3858.14154
    -3858.67116
    -3858.83951
    -3858.68660
    -3858.28306
    -3857.72024
    -3857.06507
    -3856.38648
    -3855.74699
    -3855.20772
    -3854.84299
    -3854.71205
    -3854.81674
    -3855.09483
    -3855.42604
    -3855.68838
    -3857.00430
    -3856.93234
    -3856.67781
    -3856.29926
    -3855.88425
    -3855.50988
    -3855.21427
    -3855.01250
    -3854.86882
    -3854.72476
    -3854.52512
    -3854.25602
    -3853.97011
    -3853.78320
    -3853.84553
    -3854.24813
    -3854.97542
    -3855.87880
    -3856.76019
    -3857.46158
    -3857.90002
    -3858.05875
    -3857.96358
    -3857.64543
    -3857.12550
    -3856.43965
    -3855.66287
    -3854.88070
    -3854.18016
    -3853.63684
    -3853.30269
    -3853.23262
    -3853.44941
    -3853.93376
    -3854.61228
    -3855.37338
    -3856.06832
    -3856.57194
    -3856.81864
    -3856.79701
    -3856.55695
    -3856.15396
    -3855.62569
    -3854.99383
    -3854.30685
    -3853.68400
    -3853.27262
    -3853.21005
    -3853.52350
    -3854.12503
    -3856.05370
    -3856.73093
    -3857.25184
    -3857.66910
    -3858.08208
    -3858.51585
    -3858.84410
    -3858.90726
    -3858.69291
    -3858.32121
    -3857.91374
    -3857.54419
    -3857.21027
    -3856.86176
    -3856.43111
    -3855.86250
    -3855.14794
    -3854.32664
    -3853.48628
    -3852.75135
    -3852.25775
    -3852.10301
    -3852.31906
    -3852.84297
    -3853.54792
    -3854.31051
    -3855.04316
    -3855.71184
    -3856.31892
    -3856.87686
    -3857.36899
    -3857.76189
    -3858.01629
    -3858.11129
    -3858.05425
    -3857.89567
    -3857.69464
    -3857.47441
    -3857.22482
    -3856.85124
    -3856.26553
    -3855.45502
    -3854.50076
    -3853.54895
    -3852.74239
    -3852.18926
    -3851.95807
    -3852.10041
    -3852.61204
    -3853.38048
    -3855.41601
    -3856.12190
    -3856.59871
    -3856.86975
    -3856.99060
    -3856.98961
    -3856.86529
    -3856.63223
    -3856.32448
    -3855.98744
    -3855.63440
    -3855.27649
    -3854.92407
    -3854.59881
    -3854.32322
    -3854.09587
    -3853.91647
    -3853.77543
    -3853.68528
    -3853.67076
    -3853.76099
    -3853.96549
    -3854.28865
    -3854.70974
    -3855.20728
    -3855.78280
    -3856.43434
    -3857.14464
    -3857.87398
    -3858.55871
    -3859.14920
    -3859.60603
    -3859.90635
    -3860.02301
    -3859.92693
    -3859.57842
    -3858.93773
    -3857.98125
    -3856.73656
    -3855.27625
    -3853.71173
    -3852.16927
    -3850.80044
    -3849.75488
    -3849.18448
    -3849.21163
    -3849.86677
    -3851.03849
    -3852.49543
    -3853.95491
    -3856.42674
    -3857.34125
    -3857.90401
    -3858.17235
    -3858.24275
    -3858.20415
    -3858.12291
    -3857.99652
    -3857.78487
    -3857.46956
    -3857.08214
    -3856.71759
    -3856.49300
    -3856.49890
    -3856.75898
    -3857.20834
    -3857.69173
    -3858.01317
    -3857.99785
    -3857.57933
    -3856.84169
    -3855.97967
    -3855.24726
    -3854.84587
    -3854.85678
    -3855.19795
    -3855.67332
    -3856.07368
    -3856.25227
    -3856.15543
    -3855.82510
    -3855.38731
    -3855.01647
    -3854.87773
    -3855.02049
    -3855.35533
    -3855.69951
    -3855.87687
    -3855.80576
    -3855.51582
    -3855.11851
    -3854.71945
    -3854.35914
    -3854.01959
    -3853.66929
    -3853.30129
    -3852.95887
    -3852.69096
    -3852.53939
    -3852.54394
    -3853.96992
    -3854.45771
    -3855.20642
    -3856.11583
    -3857.00422
    -3857.70175
    -3858.13626
    -3858.31843
    -3858.32451
    -3858.22339
    -3858.05063
    -3857.81727
    -3857.49604
    -3857.03655
    -3856.39934
    -3855.61782
    -3854.81212
    -3854.15504
    -3853.79104
    -3853.79177
    -3854.13296
    -3854.70668
    -3855.38716
    -3856.06216
    -3856.65081
    -3857.09727
    -3857.35265
    -3857.38971
    -3857.18185
    -3856.72450
    -3856.05578
    -3855.25958
    -3854.44201
    -3853.71232
    -3853.15049
    -3852.78363
    -3852.60081
    -3852.55882
    -3852.62131
    -3852.79810
    -3853.13232
    -3853.68509
    -3854.46648
    -3855.43347
    -3856.46985
    -3857.42283
    -3858.15831
    -3858.59417
    -3858.69821
    -3858.49375
    -3859.22689
    -3858.63845
    -3857.96979
    -3857.26573
    -3856.55277
    -3855.84996
    -3855.18009
    -3854.59381
    -3854.16914
    -3853.98397
    -3854.07354
    -3854.42786
    -3854.98543
    -3855.66771
    -3856.39167
    -3857.09007
    -3857.69989
    -3858.09152
    -3858.10844
    -3857.64625
    -3856.79194
    -3855.80867
    -3855.00196
    -3854.61140
    -3854.70759
    -3855.20942
    -3855.89467
    -3856.50234
    -3856.82216
    -3856.75533
    -3856.33355
    -3855.66753
    -3854.88066
    -3854.09434
    -3853.40993
    -3852.89693
    -3852.59563
    -3852.51247
    -3852.63039
    -3852.90153
    -3853.26275
    -3853.67212
    -3854.09872
    -3854.55907
    -3855.06152
    -3855.57440
    -3855.99868
    -3856.21863
    -3856.18698
    -3855.95328
    -3856.94306
    -3856.64702
    -3856.38405
    -3856.11309
    -3855.76892
    -3855.29461
    -3854.69348
    -3854.03868
    -3853.44366
    -3853.00372
    -3852.78710
    -3852.79754
    -3853.01062
    -3853.38475
    -3853.91019
    -3854.57160
    -3855.33181
    -3856.10095
    -3856.75744
    -3857.17837
    -3857.30798
    -3857.16773
    -3856.83191
    -3856.38133
    -3855.84463
    -3855.19352
    -3854.43957
    -3853.70476
    -3853.15450
    -3852.94412
    -3853.12834
    -3853.63806
    -3854.30192
    -3854.92494
    -3855.39705
    -3855.70466
    -3855.89591
    -3856.02095
    -3856.10934
    -3856.16238
    -3856.16571
    -3856.08826
    -3855.90115
    -3855.60136
    -3855.24365
    -3854.91422
    -3854.71034
    -3854.70652
    -3854.90928
    -3855.24809
    -3856.73314
    -3856.95576
    -3856.91306
    -3856.60583
    -3856.13041
    -3855.61398
    -3855.15342
    -3854.80586
    -3854.61444
    -3854.62430
    -3854.84027
    -3855.21442
    -3855.67265
    -3856.15559
    -3856.58139
    -3856.86409
    -3856.90249
    -3856.63642
    -3856.06869
    -3855.29049
    -3854.43970
    -3853.66170
    -3853.07369
    -3852.74650
    -3852.69347
    -3852.88221
    -3853.22537
    -3853.63984
    -3854.06903
    -3854.48073
    -3854.89695
    -3855.35296
    -3855.86840
    -3856.42140
    -3856.94899
    -3857.36756
    -3857.60186
    -3857.60483
    -3857.37811
    -3856.97107
    -3856.44114
    -3855.88536
    -3855.38647
    -3855.02606
    -3854.85300
    -3854.88131
    -3855.06814
    -3855.34431
    -3855.61463
    -3855.80658
    -3857.15949
    -3857.15183
    -3857.03150
    -3856.78290
    -3856.41291
    -3855.96058
    -3855.51805
    -3855.16454
    -3854.92064
    -3854.71356
    -3854.45010
    -3854.09138
    -3853.67929
    -3853.30312
    -3853.05074
    -3852.96456
    -3853.02934
    -3853.19820
    -3853.39979
    -3853.55989
    -3853.61793
    -3853.54377
    -3853.34516
    -3853.06377
    -3852.78892
    -3852.63752
    -3852.72029
    -3853.09006
    -3853.71962
    -3854.51288
    -3855.32863
    -3856.05689
    -3856.64004
    -3857.07671
    -3857.40542
    -3857.65284
    -3857.82575
    -3857.89050
    -3857.82606
    -3857.63936
    -3857.37325
    -3857.09779
    -3856.85413
    -3856.63177
    -3856.37871
    -3856.02399
    -3855.52502
    -3854.92092
    -3854.31622
    -3853.86102
    -3854.92141
    -3855.11446
    -3855.60779
    -3856.25650
    -3856.87847
    -3857.31078
    -3857.47785
    -3857.38646
    -3857.08487
    -3856.64828
    -3856.16215
    -3855.72397
    -3855.43729
    -3855.37846
    -3855.54693
    -3855.87068
    -3856.22031
    -3856.48625
    -3856.61429
    -3856.60283
    -3856.47258
    -3856.24691
    -3855.95949
    -3855.66367
    -3855.41076
    -3855.22872
    -3855.10547
    -3855.02697
    -3854.98687
    -3854.97870
    -3854.99098
    -3855.00765
    -3855.03022
    -3855.04699
    -3855.00258
    -3854.82008
    -3854.49045
    -3854.07713
    -3853.67799
    -3853.37515
    -3853.21365
    -3853.23044
    -3853.45582
    -3853.91038
    -3854.56618
    -3855.35587
    -3856.16668
    -3856.87854
    -3857.41276
    -3857.76187
    -3859.14760
    -3859.38005
    -3859.62585
    -3859.84996
    -3859.94424
    -3859.79656
    -3859.31376
    -3858.47419
    -3857.33233
    -3856.01108
    -3854.67140
    -3853.48644
    -3852.61110
    -3852.15046
    -3852.12700
    -3852.47565
    -3853.04530
    -3853.64229
    -3854.09649
    -3854.31765
    -3854.33249
    -3854.24504
    -3854.19856
    -3854.30249
    -3854.60381
    -3855.06447
    -3855.56877
    -3855.95925
    -3856.12071
    -3856.02175
    -3855.73835
    -3855.40540
    -3855.15235
    -3855.03926
    -3855.04398
    -3855.11180
    -3855.20196
    -3855.31617
    -3855.47251
    -3855.66154
    -3855.82504
    -3855.88650
    -3855.79098
    -3855.54968
    -3855.22093
    -3854.87746
    -3854.57073
    -3854.35908
    -3854.29969
    -3854.44014
    -3856.04391
    -3856.49942
    -3856.91798
    -3857.16142
    -3857.17892
    -3857.01491
    -3856.78693
    -3856.61976
    -3856.59896
    -3856.73944
    -3856.98631
    -3857.25439
    -3857.43284
    -3857.43038
    -3857.18750
    -3856.68492
    -3855.95798
    -3855.08898
    -3854.18814
    -3853.37282
    -3852.72946
    -3852.31669
    -3852.14711
    -3852.20413
    -3852.44947
    -3852.84625
    -3853.35977
    -3853.96267
    -3854.59760
    -3855.16738
    -3855.55231
    -3855.67330
    -3855.52355
    -3855.17065
    -3854.72127
    -3854.27734
    -3853.91399
    -3853.68257
    -3853.61882
    -3853.74162
    -3854.02686
    -3854.40524
    -3854.78927
    -3855.11828
    -3855.35972
    -3855.53160
    -3855.67141
    -3855.86083
    -3856.20219
    -3856.80120
    -3858.89233
    -3860.12131
    -3861.45162
    -3862.57253
    -3863.15369
    -3862.97228
    -3861.99535
    -3860.33022
    -3858.18080
    -3855.77784
    -3853.35587
    -3851.13484
    -3849.30621
    -3848.00656
    -3847.30135
    -3847.19149
    -3847.61681
    -3848.49101
    -3849.74504
    -3851.32338
    -3853.13058
    -3855.01559
    -3856.78390
    -3858.25590
    -3859.32740
    -3859.95481
    -3860.13885
    -3859.90216
    -3859.31758
    -3858.48547
    -3857.55402
    -3856.67103
    -3855.96376
    -3855.50035
    -3855.26986
    -3855.17644
    -3855.09416
    -3854.93141
    -3854.65885
    -3854.29257
    -3853.89435
    -3853.53140
    -3853.25958
    -3853.11345
    -3853.09221
    -3853.17615
    -3853.33093
    -3853.49431
    -3853.61045
    -3853.63712
    -3854.77481
    -3854.69806
    -3854.66197
    -3854.75516
    -3855.03069
    -3855.46385
    -3855.95502
    -3856.37763
    -3856.64545
    -3856.72346
    -3856.64698
    -3856.50447
    -3856.41373
    -3856.46414
    -3856.67453
    -3856.97978
    -3857.27405
    -3857.46689
    -3857.53848
    -3857.55148
    -3857.60774
    -3857.79542
    -3858.10982
    -3858.44309
    -3858.66776
    -3858.68477
    -3858.45435
    -3857.99791
    -3857.39100
    -3856.72263
    -3856.08418
    -3855.54009
    -3855.11558
    -3854.79839
    -3854.58302
    -3854.49620
    -3854.56494
    -3854.78434
    -3855.11957
    -3855.47793
    -3855.77483
    -3855.94732
    -3855.99128
    -3855.97749
    -3856.01113
    -3856.17614
    -3856.49270
    -3856.91093
    -3857.33313
    -3857.65419
    -3858.99856
    -3858.88640
    -3858.49699
    -3857.89417
    -3857.21162
    -3856.60326
    -3856.15297
    -3855.83311
    -3855.55079
    -3855.21251
    -3854.78708
    -3854.31923
    -3853.90049
    -3853.63109
    -3853.56605
    -3853.68047
    -3853.89001
    -3854.08652
    -3854.19557
    -3854.21697
    -3854.19404
    -3854.17269
    -3854.17785
    -3854.22001
    -3854.32872
    -3854.55331
    -3854.93473
    -3855.47756
    -3856.10104
    -3856.68663
    -3857.13796
    -3857.41231
    -3857.52037
    -3857.50858
    -3857.41591
    -3857.28789
    -3857.17462
    -3857.12525
    -3857.15003
    -3857.17747
    -3857.03222
    -3856.53386
    -3855.63811
    -3854.47476
    -3853.31405
    -3852.44006
    -3852.04400
    -3852.19056
    -3852.80151
    -3853.72186
    -3856.01224
    -3856.96993
    -3857.68471
    -3858.10391
    -3858.26802
    -3858.27244
    -3858.22783
    -3858.19703
    -3858.18341
    -3858.12590
    -3857.96052
    -3857.64175
    -3857.17601
    -3856.62229
    -3856.05048
    -3855.50209
    -3854.96902
    -3854.43906
    -3853.95006
    -3853.61992
    -3853.60376
    -3853.99791
    -3854.75975
    -3855.67622
    -3856.47922
    -3856.98018
    -3857.09451
    -3856.84347
    -3856.30265
    -3855.56865
    -3854.74743
    -3853.94163
    -3853.24588
    -3852.73490
    -3852.48575
    -3852.54969
    -3852.94734
    -3853.63056
    -3854.48714
    -3855.34871
    -3856.06106
    -3856.51836
    -3856.70283
    -3856.64105
    -3856.37206
    -3855.92025
    -3855.33522
    -3854.69675
    -3854.12378
    -3853.72115
    -3854.78350
    -3854.93643
    -3855.34178
    -3855.91395
    -3856.54834
    -3857.14592
    -3857.66005
    -3858.10319
    -3858.50133
    -3858.85188
    -3859.08478
    -3859.06986
    -3858.67930
    -3857.88778
    -3856.77215
    -3855.46729
    -3854.14458
    -3852.97089
    -3852.09711
    -3851.66154
    -3851.75028
    -3852.38729
    -3853.48095
    -3854.83977
    -3856.23320
    -3857.45977
    -3858.37574
    -3858.88920
    -3858.95840
    -3858.60431
    -3857.93236
    -3857.08476
    -3856.22370
    -3855.47982
    -3854.91308
    -3854.51437
    -3854.24505
    -3854.05928
    -3853.91924
    -3853.80466
    -3853.69447
    -3853.57524
    -3853.44400
    -3853.32020
    -3853.23219
    -3853.22561
    -3853.32582
    -3853.56457
    -3853.94901
    -3854.45579
    -3856.33303
    -3856.92514
    -3857.44295
    -3857.82670
    -3858.04123
    -3858.05602
    -3857.85927
    -3857.44889
    -3856.82361
    -3856.02113
    -3855.11607
    -3854.20413
    -3853.38591
    -3852.75677
    -3852.38889
    -3852.31321
    -3852.51184
    -3852.91743
    -3853.45802
    -3854.06994
    -3854.70618
    -3855.32029
    -3855.85995
    -3856.29777
    -3856.59647
    -3856.75019
    -3856.74574
    -3856.59155
    -3856.32459
    -3856.00652
    -3855.71062
    -3855.50361
    -3855.40921
    -3855.42595
    -3855.51912
    -3855.65048
    -3855.80466
    -3855.96695
    -3856.13499
    -3856.29016
    -3856.37833
    -3856.33380
    -3856.10948
    -3855.69865
    -3855.17183
    -3854.64033
    -3854.21444
    -3853.97900
    -3853.96740
    -3854.15235
    -3855.70640
    -3856.09605
    -3856.41762
    -3856.57770
    -3856.49362
    -3856.12447
    -3855.47555
    -3854.59120
    -3853.53723
    -3852.40707
    -3851.30668
    -3850.35170
    -3849.65446
    -3849.33830
    -3849.51381
    -3850.26594
    -3851.59857
    -3853.37022
    -3855.33208
    -3857.19970
    -3858.74112
    -3859.83669
    -3860.47424
    -3860.72793
    -3860.71049
    -3860.52931
    -3860.22747
    -3859.81062
    -3859.27036
    -3858.62836
    -3857.93192
    -3857.23186
    -3856.56940
    -3855.95862
    -3855.39370
    -3854.87452
    -3854.43541
    -3854.14715
    -3854.11252
    -3854.42851
    -3855.11506
    -3856.07478
    -3857.07880
    -3857.84562
    -3858.15064
    -3857.91562
    -3857.22187
    -3856.26579
    -3855.28332
    -3854.47808
    -3855.06824
    -3854.89535
    -3854.98606
    -3855.24233
    -3855.56187
    -3855.86640
    -3856.12827
    -3856.37058
    -3856.65109
    -3857.02263
    -3857.50693
    -3858.07267
    -3858.62853
    -3859.04071
    -3859.17660
    -3858.94448
    -3858.36814
    -3857.59576
    -3856.84198
    -3856.30516
    -3856.04954
    -3856.03085
    -3856.13927
    -3856.27244
    -3856.33188
    -3856.21498
    -3855.84318
    -3855.20486
    -3854.37281
    -3853.46438
    -3852.62371
    -3851.98479
    -3851.66185
    -3851.69294
    -3852.00088
    -3852.40834
    -3852.76112
    -3852.99998
    -3853.18167
    -3853.43620
    -3853.86890
    -3854.52713
    -3855.40169
    -3856.42504
    -3857.51078
    -3858.54557
    -3859.39995
    -3859.94115
    -3860.05955
    -3859.70604
    -3860.13876
    -3859.03941
    -3857.77981
    -3856.57211
    -3855.60324
    -3854.97506
    -3854.65737
    -3854.49436
    -3854.31476
    -3854.04515
    -3853.74628
    -3853.55903
    -3853.64533
    -3854.09444
    -3854.87440
    -3855.80415
    -3856.63494
    -3857.16047
    -3857.29019
    -3857.08110
    -3856.67901
    -3856.27485
    -3856.01085
    -3855.92213
    -3855.91594
    -3855.83882
    -3855.62080
    -3855.30454
    -3855.03019
    -3854.94308
    -3855.11890
    -3855.52909
    -3856.04805
    -3856.52228
    -3856.82933
    -3856.89573
    -3856.66926
    -3856.13021
    -3855.30092
    -3854.23434
    -3853.06408
    -3851.95392
    -3851.07818
    -3850.57217
    -3850.50669
    -3850.85320
    -3851.49777
    -3852.29065
    -3853.08983
    -3853.79071
    -3855.54061
    -3855.96561
    -3856.25941
    -3856.46131
    -3856.57838
    -3856.61548
    -3856.59015
    -3856.53739
    -3856.49457
    -3856.47985
    -3856.48526
    -3856.50137
    -3856.48419
    -3856.38608
    -3856.18637
    -3855.92615
    -3855.67225
    -3855.48978
    -3855.39719
    -3855.35813
    -3855.28346
    -3855.07494
    -3854.67324
    -3854.10857
    -3853.50567
    -3853.04942
    -3852.91939
    -3853.21508
    -3853.91142
    -3854.87813
    -3855.93444
    -3856.91837
    -3857.74063
    -3858.34888
    -3858.71317
    -3858.82729
    -3858.73744
    -3858.51832
    -3858.23531
    -3857.94651
    -3857.67203
    -3857.39033
    -3857.04255
    -3856.57449
    -3855.95392
    -3855.19131
    -3854.33723
    -3853.46970
    -3852.70757
    -3852.16501
    -3853.17357
    -3853.26944
    -3853.60977
    -3854.10315
    -3854.66906
    -3855.26932
    -3855.86989
    -3856.45557
    -3857.00412
    -3857.50838
    -3857.96300
    -3858.33994
    -3858.57684
    -3858.60772
    -3858.38122
    -3857.88942
    -3857.15848
    -3856.27166
    -3855.34402
    -3854.50736
    -3853.88738
    -3853.57656
    -3853.63327
    -3854.05733
    -3854.76995
    -3855.63240
    -3856.45640
    -3857.06152
    -3857.34307
    -3857.30327
    -3857.04756
    -3856.73231
    -3856.51548
    -3856.48707
    -3856.62700
    -3856.83198
    -3856.96294
    -3856.89694
    -3856.56355
    -3855.94234
    -3855.05514
    -3853.95548
    -3852.74886
    -3851.60574
    -3850.71358
    -3850.24581
    -3850.30756
    -3850.90570
    -3851.93823
    -3853.23793
    -3855.84780
    -3857.11588
    -3858.12749
    -3858.82079
    -3859.18171
    -3859.22343
    -3858.98125
    -3858.52107
    -3857.93518
    -3857.32000
    -3856.78769
    -3856.43242
    -3856.30717
    -3856.41344
    -3856.71219
    -3857.10405
    -3857.49192
    -3857.77351
    -3857.86232
    -3857.71657
    -3857.33952
    -3856.77501
    -3856.11233
    -3855.44306
    -3854.85625
    -3854.40757
    -3854.12368
    -3854.00939
    -3854.07936
    -3854.36330
    -3854.87052
    -3855.54069
    -3856.23393
    -3856.77221
    -3857.04773
    -3857.06784
    -3856.94065
    -3856.81430
    -3856.80962
    -3856.98142
    -3857.30210
    -3857.66956
    -3857.95241
    -3858.05393
    -3857.94743
    -3857.66049
    -3857.25675
    -3856.79517
    -3856.31734
    -3855.84703
    -3856.63390
    -3856.22604
    -3855.82933
    -3855.45376
    -3855.13534
    -3854.94817
    -3854.98486
    -3855.28857
    -3855.81544
    -3856.40972
    -3856.88133
    -3857.10845
    -3857.07199
    -3856.83687
    -3856.49916
    -3856.14349
    -3855.84102
    -3855.61953
    -3855.44751
    -3855.24164
    -3854.91198
    -3854.41274
    -3853.77569
    -3853.11679
    -3852.59502
    -3852.35328
    -3852.45761
    -3852.88752
    -3853.51679
    -3854.19088
    -3854.81264
    -3855.36121
    -3855.88178
    -3856.40320
    -3856.91535
    -3857.35885
    -3857.66907
    -3857.81506
    -3857.82755
    -3857.75747
    -3857.66707
    -3857.57864
    -3857.48531
    -3857.35677
    -3857.14823
    -3856.81436
    -3856.33361
    -3855.71642
    -3855.00699
    -3854.27268
    -3854.86523
    -3854.36119
    -3854.07492
    -3854.01821
    -3854.14246
    -3854.36532
    -3854.57568
    -3854.69424
    -3854.70499
    -3854.66270
    -3854.65963
    -3854.78260
    -3855.07265
    -3855.47127
    -3855.86489
    -3856.13918
    -3856.23172
    -3856.15050
    -3855.99275
    -3855.88662
    -3855.90158
    -3856.04424
    -3856.28022
    -3856.54214
    -3856.78189
    -3856.97574
    -3857.10003
    -3857.12209
    -3857.00971
    -3856.72486
    -3856.23652
    -3855.52858
    -3854.61015
    -3853.53025
    -3852.39531
    -3851.36092
    -3850.60763
    -3850.29723
    -3850.52022
    -3851.26687
    -3852.41446
    -3853.76754
    -3855.11029
    -3856.28973
    -3857.22648
    -3857.91808
    -3858.39329
    -3858.69824
    -3858.86913
    -3858.94042
    -3860.00943
    -3859.95896
    -3859.83590
    -3859.61441
    -3859.26735
    -3858.77001
    -3858.12633
    -3857.34490
    -3856.46600
    -3855.55080
    -3854.70122
    -3854.03153
    -3853.62838
    -3853.49930
    -3853.59595
    -3853.82849
    -3854.12343
    -3854.43453
    -3854.75333
    -3855.06911
    -3855.35849
    -3855.59511
    -3855.76250
    -3855.86692
    -3855.92553
    -3855.94000
    -3855.90163
    -3855.81657
    -3855.71801
    -3855.66048
    -3855.64484
    -3855.63677
    -3855.57316
    -3855.41672
    -3855.17621
    -3854.87931
    -3854.57994
    -3854.33060
    -3854.17938
    -3854.16664
    -3854.32537
    -3854.66133
    -3855.17058
    -3855.80707
    -3856.51493
    -3857.21906
    -3857.82663
    -3858.24948
    -3858.42965
    -3858.33465
    -3859.22540
    -3858.60512
    -3857.73972
    -3856.68467
    -3855.54058
    -3854.44951
    -3853.59282
    -3853.11689
    -3853.04086
    -3853.23476
    -3853.52323
    -3853.83452
    -3854.21882
    -3854.79067
    -3855.61256
    -3856.62861
    -3857.65465
    -3858.47410
    -3858.91655
    -3858.91048
    -3858.48972
    -3857.75966
    -3856.85685
    -3855.89561
    -3854.99172
    -3854.22020
    -3853.63248
    -3853.27877
    -3853.17520
    -3853.32321
    -3853.68382
    -3854.20739
    -3854.82201
    -3855.45161
    -3855.99013
    -3856.33839
    -3856.44361
    -3856.31859
    -3856.01907
    -3855.60677
    -3855.13112
    -3854.63546
    -3854.19060
    -3853.91352
    -3853.90838
    -3854.17195
    -3854.56700
    -3854.88603
    -3854.98776
    -3854.87814
    -3855.87779
    -3855.82313
    -3856.04037
    -3856.59075
    -3857.40590
    -3858.26584
    -3858.92268
    -3859.20775
    -3859.12290
    -3858.79480
    -3858.35214
    -3857.84668
    -3857.26859
    -3856.60136
    -3855.85992
    -3855.11240
    -3854.45771
    -3853.98577
    -3853.71259
    -3853.60357
    -3853.58166
    -3853.56534
    -3853.49711
    -3853.34059
    -3853.10825
    -3852.83803
    -3852.57876
    -3852.38306
    -3852.29545
    -3852.35179
    -3852.59927
    -3853.10214
    -3853.90672
    -3854.99731
    -3856.26421
    -3857.51456
    -3858.55303
    -3859.22849
    -3859.47048
    -3859.27400
    -3858.69423
    -3857.83644
    -3856.83250
    -3855.80208
    -3854.83643
    -3854.00647
    -3853.37446
    -3852.99196
    -3852.86873
    -3852.97430
    -3854.46701
    -3854.84845
    -3855.27093
    -3855.66010
    -3855.93813
    -3856.00835
    -3855.82554
    -3855.42945
    -3854.93852
    -3854.50799
    -3854.26248
    -3854.26944
    -3854.50115
    -3854.88125
    -3855.32825
    -3855.77051
    -3856.19045
    -3856.58009
    -3856.94161
    -3857.24605
    -3857.45370
    -3857.53334
    -3857.46841
    -3857.28019
    -3857.01638
    -3856.73137
    -3856.44614
    -3856.15329
    -3855.82715
    -3855.45624
    -3855.04849
    -3854.63587
    -3854.28432
    -3854.06281
    -3854.00472
    -3854.08266
    -3854.23536
    -3854.41022
    -3854.62359
    -3854.90359
    -3855.27491
    -3855.70220
    -3856.08603
    -3856.29974
    -3856.24686
    -3855.89804
    -3855.29908
    -3854.54739
    -3853.78287
    -3853.13343
    -3853.82012
    -3853.65764
    -3853.75840
    -3854.11518
    -3854.70257
    -3855.49168
    -3856.43157
    -3857.43111
    -3858.34445
    -3859.03052
    -3859.40130
    -3859.41440
    -3859.07556
    -3858.42478
    -3857.53251
    -3856.51373
    -3855.49639
    -3854.61131
    -3853.95457
    -3853.57481
    -3853.47044
    -3853.60714
    -3853.90697
    -3854.26260
    -3854.56946
    -3854.76005
    -3854.85861
    -3854.94202
    -3855.06732
    -3855.21801
    -3855.32403
    -3855.30386
    -3855.12645
    -3854.80774
    -3854.36381
    -3853.81360
    -3853.17095
    -3852.48645
    -3851.86801
    -3851.45862
    -3851.39831
    -3851.78828
    -3852.64460
    -3853.87076
    -3855.24758
    -3856.49278
    -3857.34403
    -3857.66164
    -3857.48737
    -3856.95311
    -3857.38440
    -3856.52785
    -3855.65221
    -3854.85789
    -3854.23921
    -3853.85402
    -3853.72497
    -3853.83668
    -3854.16447
    -3854.68767
    -3855.37400
    -3856.15844
    -3856.92027
    -3857.50248
    -3857.75125
    -3857.60264
    -3857.09330
    -3856.34501
    -3855.48269
    -3854.62438
    -3853.85353
    -3853.22928
    -3852.78700
    -3852.54663
    -3852.49418
    -3852.61307
    -3852.90180
    -3853.34982
    -3853.93718
    -3854.60620
    -3855.26720
    -3855.82518
    -3856.23019
    -3856.49731
    -3856.67617
    -3856.81171
    -3856.91305
    -3856.94074
    -3856.84457
    -3856.58765
    -3856.18264
    -3855.69115
    -3855.20055
    -3854.78373
    -3854.48176
    -3854.27507
    -3854.11246
    -3853.92875
    -3853.67546
    -3853.33985
    -3854.10531
    -3853.76742
    -3853.55586
    -3853.53430
    -3853.70627
    -3854.04597
    -3854.53047
    -3855.14643
    -3855.87514
    -3856.67635
    -3857.47554
    -3858.18058
    -3858.72020
    -3859.07866
    -3859.29615
    -3859.41654
    -3859.44291
    -3859.34989
    -3859.09829
    -3858.68787
    -3858.13877
    -3857.48388
    -3856.74652
    -3855.91380
    -3854.96732
    -3853.90854
    -3852.78123
    -3851.69992
    -3850.83726
    -3850.37694
    -3850.45415
    -3851.08234
    -3852.11188
    -3853.28461
    -3854.33894
    -3855.11620
    -3855.62338
    -3855.98827
    -3856.35824
    -3856.83578
    -3857.41284
    -3857.99071
    -3858.43258
    -3858.61392
    -3858.48092
    -3858.04286
    -3857.38268
    -3856.62933
    -3855.92341
    -3855.39140
    -3856.25877
    -3856.24006
    -3856.38644
    -3856.56325
    -3856.61826
    -3856.44251
    -3855.96194
    -3855.17583
    -3854.14689
    -3853.00336
    -3851.91198
    -3851.03227
    -3850.46596
    -3850.25305
    -3850.38800
    -3850.84277
    -3851.60079
    -3852.60431
    -3853.76182
    -3854.94554
    -3855.99962
    -3856.81017
    -3857.30387
    -3857.49129
    -3857.44656
    -3857.27330
    -3857.04985
    -3856.79090
    -3856.47647
    -3856.09011
    -3855.65360
    -3855.23948
    -3854.93184
    -3854.78135
    -3854.77798
    -3854.88216
    -3855.03863
    -3855.19090
    -3855.28980
    -3855.27432
    -3855.11663
    -3854.80572
    -3854.36950
    -3853.88167
    -3853.44474
    -3853.14493
    -3853.03077
    -3853.11712
    -3853.40235
    -3853.89120
    -3855.79142
    -3856.52441
    -3857.16974
    -3857.59459
    -3857.75217
    -3857.68316
    -3857.45952
    -3857.15181
    -3856.84050
    -3856.64311
    -3856.69742
    -3857.07076
    -3857.65543
    -3858.16330
    -3858.27960
    -3857.83800
    -3856.84792
    -3855.44252
    -3853.81058
    -3852.18414
    -3850.79368
    -3849.89234
    -3849.73978
    -3850.48685
    -3851.98360
    -3853.79131
    -3855.49166
    -3856.93493
    -3858.12564
    -3859.03874
    -3859.57592
    -3859.64032
    -3859.19469
    -3858.31594
    -3857.17054
    -3855.95424
    -3854.84987
    -3854.00958
    -3853.53601
    -3853.48023
    -3853.79945
    -3854.37961
    -3855.06743
    -3855.72180
    -3856.24405
    -3856.58517
    -3856.70896
    -3856.61444
    -3856.34261
    -3855.96778
    -3856.75305
    -3856.41371
    -3856.11713
    -3855.85574
    -3855.62068
    -3855.42443
    -3855.30527
    -3855.28652
    -3855.29000
    -3855.17312
    -3854.84137
    -3854.37088
    -3853.95295
    -3853.75449
    -3853.85558
    -3854.19490
    -3854.69005
    -3855.27289
    -3855.90251
    -3856.56825
    -3857.26574
    -3857.94368
    -3858.48416
    -3858.71740
    -3858.53445
    -3857.96468
    -3857.13847
    -3856.21690
    -3855.30044
    -3854.41724
    -3853.55291
    -3852.72871
    -3851.99725
    -3851.44443
    -3851.15853
    -3851.18863
    -3851.52831
    -3852.12520
    -3852.88881
    -3853.71146
    -3854.48054
    -3855.09090
    -3855.47100
    -3855.58504
    -3855.45500
    -3855.14126
    -3854.74971
    -3854.38462
    -3854.12063
    -3853.98001
    -3855.18414
    -3855.22229
    -3855.28041
    -3855.39117
    -3855.61641
    -3856.03711
    -3856.67421
    -3857.45780
    -3858.25340
    -3858.90692
    -3859.32289
    -3859.47688
    -3859.40230
    -3859.15456
    -3858.77777
    -3858.30602
    -3857.76008
    -3857.16615
    -3856.56954
    -3856.02374
    -3855.56535
    -3855.21279
    -3854.95604
    -3854.77056
    -3854.65164
    -3854.62075
    -3854.70557
    -3854.92316
    -3855.24623
    -3855.62896
    -3856.00395
    -3856.29531
    -3856.42144
    -3856.33386
    -3856.03781
    -3855.58207
    -3855.00284
    -3854.34133
    -3853.65520
    -3853.06076
    -3852.71848
    -3852.75614
    -3853.19456
    -3853.91253
    -3854.71450
    -3855.43864
    -3856.04573
    -3856.60939
    -3857.23131
    -3857.87795
    -3859.52825
    -3859.62534
    -3859.22736
    -3858.38455
    -3857.26693
    -3856.08525
    -3855.04541
    -3854.28329
    -3853.82887
    -3853.63644
    -3853.63738
    -3853.77954
    -3854.03381
    -3854.36395
    -3854.73595
    -3855.09612
    -3855.39052
    -3855.58797
    -3855.70788
    -3855.77987
    -3855.84418
    -3855.93013
    -3856.03450
    -3856.13928
    -3856.20654
    -3856.21449
    -3856.13424
    -3855.94108
    -3855.65349
    -3855.31682
    -3855.00451
    -3854.76130
    -3854.59372
    -3854.47070
    -3854.36045
    -3854.27103
    -3854.23497
    -3854.28775
    -3854.43669
    -3854.65903
    -3854.92374
    -3855.16924
    -3855.35441
    -3855.42152
    -3855.32962
    -3855.04875
    -3854.60258
    -3854.06457
    -3853.53898
    -3853.10234
    -3854.10672
    -3853.97405
    -3853.97733
    -3854.11102
    -3854.38029
    -3854.78103
    -3855.28168
    -3855.82629
    -3856.37820
    -3856.92163
    -3857.45119
    -3857.91684
    -3858.23789
    -3858.34351
    -3858.21911
    -3857.89255
    -3857.41629
    -3856.83842
    -3856.20676
    -3855.58697
    -3855.08233
    -3854.80068
    -3854.84739
    -3855.27279
    -3856.04323
    -3857.01646
    -3857.98864
    -3858.74063
    -3859.10036
    -3858.97126
    -3858.35375
    -3857.29279
    -3855.86792
    -3854.18685
    -3852.38925
    -3850.65536
    -3849.19083
    -3848.18073
    -3847.72944
    -3847.85947
    -3848.51397
    -3849.61474
    -3851.06943
    -3852.75460
    -3854.51867
    -3856.17905
    -3857.54533
    -3858.49328
    -3859.01010
    -3859.18831
    -3860.29378
    -3860.23436
    -3860.17456
    -3860.11052
    -3859.98396
    -3859.72364
    -3859.27219
    -3858.61390
    -3857.78165
    -3856.86475
    -3855.98809
    -3855.26444
    -3854.72242
    -3854.32567
    -3854.03153
    -3853.83225
    -3853.73381
    -3853.74918
    -3853.86033
    -3854.03937
    -3854.22108
    -3854.32554
    -3854.29479
    -3854.12807
    -3853.86388
    -3853.55776
    -3853.22177
    -3852.85444
    -3852.44785
    -3852.01701
    -3851.64496
    -3851.44441
    -3851.54827
    -3852.05490
    -3852.95397
    -3854.13066
    -3855.43292
    -3856.73050
    -3857.91673
    -3858.87904
    -3859.52593
    -3859.81586
    -3859.73682
    -3859.31937
    -3858.61737
    -3857.72703
    -3856.75061
    -3855.78882
    -3854.88491
    -3854.04834
    -3854.57093
    -3853.90827
    -3853.35239
    -3852.93599
    -3852.68488
    -3852.61863
    -3852.75336
    -3853.13262
    -3853.79041
    -3854.72060
    -3855.84924
    -3857.04617
    -3858.12875
    -3858.91743
    -3859.29283
    -3859.21753
    -3858.73857
    -3857.96409
    -3857.02755
    -3856.07888
    -3855.26825
    -3854.69005
    -3854.37095
    -3854.28485
    -3854.36150
    -3854.53176
    -3854.74828
    -3855.01170
    -3855.37014
    -3855.86410
    -3856.47563
    -3857.11208
    -3857.68473
    -3858.10859
    -3858.32350
    -3858.30742
    -3858.05121
    -3857.56646
    -3856.88032
    -3856.06705
    -3855.25290
    -3854.60032
    -3854.24931
    -3854.26355
    -3854.60406
    -3855.13899
    -3855.69098
    -3856.10574
    -3856.29263
    -3856.24922
    -3857.17580
    -3856.89294
    -3856.55848
    -3856.16844
    -3855.68164
    -3855.07676
    -3854.40353
    -3853.77788
    -3853.33962
    -3853.22363
    -3853.50522
    -3854.17972
    -3855.17119
    -3856.34993
    -3857.55021
    -3858.61103
    -3859.41334
    -3859.89662
    -3860.07266
    -3860.01503
    -3859.80810
    -3859.52992
    -3859.21953
    -3858.87666
    -3858.45951
    -3857.90664
    -3857.20068
    -3856.36270
    -3855.46725
    -3854.63193
    -3853.96938
    -3853.54456
    -3853.36373
    -3853.37281
    -3853.49668
    -3853.66439
    -3853.83930
    -3853.98134
    -3854.07636
    -3854.11446
    -3854.09036
    -3854.02118
    -3853.93665
    -3853.88088
    -3853.91330
    -3854.05866
    -3854.30048
    -3854.58800
    -3854.85524
    -3855.04084
    -3856.35020
    -3856.31121
    -3856.12034
    -3855.78279
    -3855.32776
    -3854.81496
    -3854.34805
    -3854.05342
    -3854.04512
    -3854.37267
    -3854.97475
    -3855.69578
    -3856.33961
    -3856.75429
    -3856.87873
    -3856.71943
    -3856.33344
    -3855.79605
    -3855.18246
    -3854.56837
    -3854.01652
    -3853.57915
    -3853.29333
    -3853.16717
    -3853.19233
    -3853.35048
    -3853.62550
    -3854.01965
    -3854.52639
    -3855.14587
    -3855.85985
    -3856.62642
    -3857.35999
    -3857.96328
    -3858.33802
    -3858.41630
    -3858.17244
    -3857.63486
    -3856.88965
    -3856.06801
    -3855.30607
    -3854.70437
    -3854.33471
    -3854.21656
    -3854.32968
    -3854.60728
    -3854.97031
    -3855.33293
    -3855.61348
    -3855.73401
    -3856.89310
    -3856.55457
    -3855.97204
    -3855.22305
    -3854.43830
    -3853.75503
    -3853.29188
    -3853.11592
    -3853.21691
    -3853.51516
    -3853.91592
    -3854.33036
    -3854.66923
    -3854.89494
    -3854.98641
    -3854.94650
    -3854.77960
    -3854.49705
    -3854.11831
    -3853.67277
    -3853.21225
    -3852.81216
    -3852.56154
    -3852.53975
    -3852.79891
    -3853.34408
    -3854.11797
    -3855.00386
    -3855.83937
    -3856.45992
    -3856.75793
    -3856.71438
    -3856.38519
    -3855.89374
    -3855.37882
    -3854.94358
    -3854.65404
    -3854.53169
    -3854.56957
    -3854.73950
    -3854.99563
    -3855.28601
    -3855.57432
    -3855.85868
    -3856.14201
    -3856.41585
    -3856.65880
    -3856.82157
    -3856.83198
    -3856.64042
    -3857.36705
    -3856.80665
    -3856.17515
    -3855.56641
    -3855.06857
    -3854.71600
    -3854.52182
    -3854.47635
    -3854.57584
    -3854.79324
    -3855.08703
    -3855.40822
    -3855.72165
    -3856.02994
    -3856.38476
    -3856.83314
    -3857.37188
    -3857.93047
    -3858.38743
    -3858.63051
    -3858.59491
    -3858.28255
    -3857.76969
    -3857.17289
    -3856.61294
    -3856.18925
    -3855.95948
    -3855.92587
    -3856.03453
    -3856.17765
    -3856.23713
    -3856.12902
    -3855.80832
    -3855.29304
    -3854.64170
    -3853.97684
    -3853.43641
    -3853.15021
    -3853.18020
    -3853.52502
    -3854.11477
    -3854.85170
    -3855.60459
    -3856.24202
    -3856.62092
    -3856.63278
    -3856.25383
    -3855.56724
    -3854.71907
    -3853.86529
    -3854.23429
    -3853.76272
    -3853.61660
    -3853.85625
    -3854.45247
    -3855.30284
    -3856.24477
    -3857.11699
    -3857.80979
    -3858.25358
    -3858.41967
    -3858.29138
    -3857.86653
    -3857.18770
    -3856.31842
    -3855.34131
    -3854.34355
    -3853.41299
    -3852.62054
    -3852.03001
    -3851.69898
    -3851.66973
    -3851.96388
    -3852.58807
    -3853.50555
    -3854.64658
    -3855.89167
    -3857.07558
    -3858.00186
    -3858.51887
    -3858.56100
    -3858.19155
    -3857.55067
    -3856.78530
    -3856.01472
    -3855.30950
    -3854.72098
    -3854.27270
    -3853.96026
    -3853.75121
    -3853.60297
    -3853.49473
    -3853.44179
    -3853.49046
    -3853.70478
    -3854.11829
    -3854.71148
    -3855.39470
    -3856.01897
    -3856.41926
    -3857.75767
    -3857.41926
    -3856.67673
    -3855.61118
    -3854.36500
    -3853.10236
    -3852.01326
    -3851.25256
    -3850.93508
    -3851.11596
    -3851.79512
    -3852.90158
    -3854.28403
    -3855.75385
    -3857.10021
    -3858.14784
    -3858.78542
    -3858.97794
    -3858.76188
    -3858.19889
    -3857.39725
    -3856.48204
    -3855.59054
    -3854.83270
    -3854.28547
    -3853.99870
    -3853.97976
    -3854.21972
    -3854.66997
    -3855.26997
    -3855.93516
    -3856.54864
    -3857.00115
    -3857.21340
    -3857.14051
    -3856.78188
    -3856.16830
    -3855.37645
    -3854.52457
    -3853.78250
    -3853.31998
    -3853.17210
    -3853.21440
    -3853.26484
    -3853.23506
    -3853.17530
    -3853.17301
    -3853.32381
    -3853.69996
    -3854.33970
    -3856.29921
    -3857.32960
    -3858.34435
    -3859.20670
    -3859.80654
    -3860.06939
    -3859.96796
    -3859.51135
    -3858.77735
    -3857.87310
    -3856.94791
    -3856.13795
    -3855.54834
    -3855.21060
    -3855.08583
    -3855.05964
    -3855.01382
    -3854.85184
    -3854.54742
    -3854.14917
    -3853.73156
    -3853.36043
    -3853.07833
    -3852.91487
    -3852.92438
    -3853.19678
    -3853.77237
    -3854.56377
    -3855.36162
    -3855.94773
    -3856.21681
    -3856.21279
    -3856.04645
    -3855.84050
    -3855.63746
    -3855.41710
    -3855.12784
    -3854.75513
    -3854.33852
    -3853.93595
    -3853.61503
    -3853.43058
    -3853.41961
    -3853.59884
    -3853.98677
    -3854.57006
    -3855.31844
    -3856.13978
    -3856.91218
    -3857.50475
    -3859.05452
    -3859.11727
    -3858.90466
    -3858.46926
    -3857.88404
    -3857.20476
    -3856.46063
    -3855.65051
    -3854.75522
    -3853.80302
    -3852.87997
    -3852.12836
    -3851.69273
    -3851.67412
    -3852.11679
    -3852.97328
    -3854.08057
    -3855.18407
    -3856.01388
    -3856.36650
    -3856.19044
    -3855.58570
    -3854.76717
    -3853.98647
    -3853.45800
    -3853.31613
    -3853.58019
    -3854.16286
    -3854.87433
    -3855.51875
    -3855.96000
    -3856.17599
    -3856.23565
    -3856.23891
    -3856.26946
    -3856.38114
    -3856.59265
    -3856.90801
    -3857.29072
    -3857.68105
    -3857.98815
    -3858.12165
    -3858.00494
    -3857.61694
    -3856.99287
    -3856.22631
    -3855.42627
    -3854.69724
    -3854.14081
    -3853.84256
    -3855.13460
    -3855.49283
    -3856.06365
    -3856.66824
    -3857.12390
    -3857.30220
    -3857.18072
    -3856.83286
    -3856.40278
    -3856.03994
    -3855.84333
    -3855.85057
    -3856.04360
    -3856.37170
    -3856.75829
    -3857.12514
    -3857.40343
    -3857.54835
    -3857.53272
    -3857.35998
    -3857.08447
    -3856.81139
    -3856.64400
    -3856.62812
    -3856.72291
    -3856.84729
    -3856.91301
    -3856.87058
    -3856.70090
    -3856.39984
    -3855.97073
    -3855.40782
    -3854.71857
    -3853.94844
    -3853.16311
    -3852.49079
    -3852.07349
    -3852.03393
    -3852.44991
    -3853.32212
    -3854.56218
    -3856.00057
    -3857.38164
    -3858.42276
    -3858.92281
    -3858.82787
    -3858.22606
    -3857.28738
    -3856.20385
    -3855.16192
    -3855.55510
    -3855.06818
    -3854.93420
    -3855.08042
    -3855.38999
    -3855.72556
    -3855.98185
    -3856.11762
    -3856.13236
    -3856.04608
    -3855.88666
    -3855.68091
    -3855.46443
    -3855.25364
    -3855.05807
    -3854.85698
    -3854.61650
    -3854.30202
    -3853.92736
    -3853.55303
    -3853.25953
    -3853.09262
    -3853.03507
    -3853.05007
    -3853.11168
    -3853.24333
    -3853.50966
    -3853.99609
    -3854.75835
    -3855.76653
    -3856.86915
    -3857.82967
    -3858.45617
    -3858.68908
    -3858.59062
    -3858.27744
    -3857.86660
    -3857.42762
    -3857.00161
    -3856.60393
    -3856.24613
    -3855.94216
    -3855.69545
    -3855.51463
    -3855.41203
    -3855.39115
    -3855.48492
    -3855.71509
    -3856.07791
    -3856.52401
    -3858.22350
    -3858.59672
    -3858.75127
    -3858.59238
    -3858.09300
    -3857.29159
    -3856.30758
    -3855.28123
    -3854.33954
    -3853.55739
    -3852.96899
    -3852.58534
    -3852.41809
    -3852.47947
    -3852.78400
    -3853.32044
    -3854.05724
    -3854.93428
    -3855.87730
    -3856.79582
    -3857.63144
    -3858.33572
    -3858.87452
    -3859.20770
    -3859.30363
    -3859.15470
    -3858.77732
    -3858.22750
    -3857.59954
    -3856.99664
    -3856.49869
    -3856.14854
    -3855.92558
    -3855.74156
    -3855.49532
    -3855.12080
    -3854.62560
    -3854.06871
    -3853.52363
    -3853.05806
    -3852.74544
    -3852.64813
    -3852.81397
    -3853.24736
    -3853.89587
    -3854.62792
    -3855.27209
    -3855.68849
    -3855.81396
    -3855.66866
    -3856.42243
    -3856.01692
    -3855.64060
    -3855.40733
    -3855.39933
    -3855.64393
    -3856.11149
    -3856.71461
    -3857.33972
    -3857.86329
    -3858.17352
    -3858.18114
    -3857.87492
    -3857.34058
    -3856.72366
    -3856.18557
    -3855.82868
    -3855.66263
    -3855.60349
    -3855.54419
    -3855.43607
    -3855.30026
    -3855.21707
    -3855.25763
    -3855.45710
    -3855.79205
    -3856.20941
    -3856.62920
    -3856.96290
    -3857.15836
    -3857.18640
    -3857.04154
    -3856.73901
    -3856.32998
    -3855.88748
    -3855.48454
    -3855.17170
    -3854.97164
    -3854.90165
    -3854.96337
    -3855.14010
    -3855.39365
    -3855.67868
    -3855.94877
    -3856.14321
    -3856.19128
    -3856.06237
    -3855.77990
    -3855.40115
    -3855.00569
    -3855.83510
    -3855.54709
    -3855.33358
    -3855.21135
    -3855.21712
    -3855.38155
    -3855.66844
    -3855.99631
    -3856.24353
    -3856.33802
    -3856.29595
    -3856.21092
    -3856.21282
    -3856.37996
    -3856.68459
    -3856.97955
    -3857.08474
    -3856.90087
    -3856.47562
    -3855.95441
    -3855.52680
    -3855.36783
    -3855.56417
    -3856.04600
    -3856.61501
    -3857.05554
    -3857.21916
    -3857.07446
    -3856.69101
    -3856.19579
    -3855.74487
    -3855.45250
    -3855.34375
    -3855.34822
    -3855.34889
    -3855.25701
    -3855.04605
    -3854.75337
    -3854.42724
    -3854.09915
    -3853.77276
    -3853.44609
    -3853.11653
    -3852.77968
    -3852.44713
    -3852.15275
    -3851.94373
    -3851.86214
    -3851.95055
    -3852.22797
    -3853.94132
    -3854.57264
    -3855.29857
    -3856.04190
    -3856.73221
    -3857.30093
    -3857.68870
    -3857.83785
    -3857.70947
    -3857.29080
    -3856.62065
    -3855.80888
    -3855.02472
    -3854.48043
    -3854.35611
    -3854.68993
    -3855.31267
    -3855.93340
    -3856.29637
    -3856.32071
    -3856.07155
    -3855.67888
    -3855.29980
    -3855.10334
    -3855.21107
    -3855.66234
    -3856.37780
    -3857.21069
    -3858.01178
    -3858.65952
    -3859.08196
    -3859.23369
    -3859.11386
    -3858.75691
    -3858.22550
    -3857.57902
    -3856.87042
    -3856.14462
    -3855.43214
    -3854.77175
    -3854.19451
    -3853.72019
    -3853.34631
    -3853.05711
    -3852.85025
    -3852.72074
    -3852.66817
    -3852.68668
    -3852.74372
    -3852.78791
    -3854.11617
    -3854.08064
    -3854.03083
    -3854.01725
    -3854.09062
    -3854.28632
    -3854.62005
    -3855.07407
    -3855.54559
    -3855.89968
    -3856.05605
    -3856.03694
    -3855.92491
    -3855.80611
    -3855.74021
    -3855.75195
    -3855.83838
    -3855.94079
    -3856.00284
    -3855.96426
    -3855.77292
    -3855.38254
    -3854.78524
    -3854.03898
    -3853.26752
    -3852.63630
    -3852.28941
    -3852.28941
    -3852.62627
    -3853.23665
    -3854.00711
    -3854.80004
    -3855.49191
    -3856.02294
    -3856.39655
    -3856.67919
    -3856.92797
    -3857.16889
    -3857.40202
    -3857.62056
    -3857.83174
    -3858.02413
    -3858.14136
    -3858.06159
    -3857.70458
    -3857.08677
    -3856.35199
    -3855.68614
    -3855.20503
    -3854.94267
    -3856.08844
    -3856.21785
    -3856.46065
    -3856.73341
    -3856.95356
    -3857.03606
    -3856.92387
    -3856.56621
    -3855.93830
    -3855.07499
    -3854.08209
    -3853.09406
    -3852.23965
    -3851.60000
    -3851.18746
    -3850.94944
    -3850.82765
    -3850.81813
    -3850.99447
    -3851.41913
    -3852.09668
    -3852.94182
    -3853.81698
    -3854.60640
    -3855.23840
    -3855.69376
    -3856.02108
    -3856.28959
    -3856.55197
    -3856.82019
    -3857.05757
    -3857.18077
    -3857.13186
    -3856.89228
    -3856.50401
    -3856.07958
    -3855.76282
    -3855.69832
    -3855.95193
    -3856.46972
    -3857.08973
    -3857.57949
    -3857.74438
    -3857.49081
    -3856.84400
    -3855.94912
    -3855.00848
    -3854.21300
    -3853.67975
    -3853.40856
    -3854.44934
    -3854.49397
    -3854.56765
    -3854.64888
    -3854.74734
    -3854.87609
    -3855.03844
    -3855.23844
    -3855.49174
    -3855.84706
    -3856.32485
    -3856.90992
    -3857.53412
    -3858.13299
    -3858.66078
    -3859.10543
    -3859.46044
    -3859.67105
    -3859.65895
    -3859.34458
    -3858.71016
    -3857.83497
    -3856.86323
    -3855.94737
    -3855.20533
    -3854.69733
    -3854.43312
    -3854.36072
    -3854.39475
    -3854.45222
    -3854.47994
    -3854.46841
    -3854.43396
    -3854.42624
    -3854.48180
    -3854.60964
    -3854.75533
    -3854.83199
    -3854.75503
    -3854.49812
    -3854.12364
    -3853.69747
    -3853.27931
    -3852.90212
    -3852.60769
    -3852.44128
    -3852.45790
    -3852.69752
    -3853.15215
    -3853.75571
    -3855.63479
    -3856.25572
    -3856.73470
    -3857.04035
    -3857.20546
    -3857.28917
    -3857.35344
    -3857.43999
    -3857.55164
    -3857.65391
    -3857.69861
    -3857.63525
    -3857.43970
    -3857.15088
    -3856.88855
    -3856.77014
    -3856.83602
    -3857.02572
    -3857.22848
    -3857.33666
    -3857.31356
    -3857.16578
    -3856.92419
    -3856.62080
    -3856.27352
    -3855.86992
    -3855.40088
    -3854.86678
    -3854.30104
    -3853.77635
    -3853.37676
    -3853.17279
    -3853.19395
    -3853.42251
    -3853.78998
    -3854.22074
    -3854.63343
    -3854.99038
    -3855.28242
    -3855.54065
    -3855.81036
    -3856.10996
    -3856.39801
    -3856.59550
    -3856.60978
    -3856.39903
    -3855.98184
    -3855.42227
    -3854.80600
    -3854.20174
    -3854.88481
    -3854.43870
    -3854.08806
    -3853.87081
    -3853.83382
    -3854.02478
    -3854.44481
    -3855.03622
    -3855.67266
    -3856.18590
    -3856.41149
    -3856.25948
    -3855.78218
    -3855.16849
    -3854.65968
    -3854.48329
    -3854.72695
    -3855.33215
    -3856.12372
    -3856.93483
    -3857.66259
    -3858.24583
    -3858.63718
    -3858.77464
    -3858.60557
    -3858.10431
    -3857.29946
    -3856.28249
    -3855.23023
    -3854.32724
    -3853.73087
    -3853.51688
    -3853.65454
    -3853.99506
    -3854.33568
    -3854.49459
    -3854.38427
    -3854.05108
    -3853.63352
    -3853.29694
    -3853.16048
    -3853.28086
    -3853.66431
    -3854.25208
    -3854.92260
    -3855.50459
    -3855.83824
    -3855.85941
    -3855.59209
    -3855.13809
    -3855.80123
    -3855.37505
    -3855.08966
    -3854.96411
    -3854.95757
    -3854.99429
    -3854.98235
    -3854.87464
    -3854.69261
    -3854.50925
    -3854.40340
    -3854.40766
    -3854.51359
    -3854.65772
    -3854.77511
    -3854.83947
    -3854.86866
    -3854.91272
    -3855.02897
    -3855.29085
    -3855.75233
    -3856.41814
    -3857.20277
    -3857.94123
    -3858.46083
    -3858.65554
    -3858.52231
    -3858.15658
    -3857.66377
    -3857.09426
    -3856.42855
    -3855.66089
    -3854.83917
    -3854.05652
    -3853.42648
    -3853.01933
    -3852.84212
    -3852.84639
    -3852.94316
    -3853.02817
    -3853.04300
    -3852.97844
    -3852.88119
    -3852.82295
    -3852.86185
    -3853.02526
    -3853.33191
    -3853.78815
    -3854.44424
    -3855.34855
    -3857.57742
    -3858.75550
    -3859.69269
    -3860.14444
    -3860.01897
    -3859.36973
    -3858.34475
    -3857.10754
    -3855.80877
    -3854.60857
    -3853.65963
    -3853.10227
    -3852.99297
    -3853.29185
    -3853.84903
    -3854.46411
    -3854.97154
    -3855.26294
    -3855.29816
    -3855.10051
    -3854.74841
    -3854.34551
    -3853.99431
    -3853.74219
    -3853.57557
    -3853.46415
    -3853.40709
    -3853.45594
    -3853.69227
    -3854.16187
    -3854.86763
    -3855.73100
    -3856.64253
    -3857.46651
    -3858.08697
    -3858.45190
    -3858.56046
    -3858.45948
    -3858.23024
    -3857.96856
    -3857.75433
    -3857.60903
    -3857.50176
    -3857.35022
    -3857.07954
    -3856.65028
    -3856.07217
    -3855.39803
    -3854.68705
    -3853.99958
    -3854.59299
    -3854.14282
    -3853.91225
    -3853.96363
    -3854.30454
    -3854.86057
    -3855.50144
    -3856.07455
    -3856.46394
    -3856.59877
    -3856.46201
    -3856.10743
    -3855.62558
    -3855.15626
    -3854.82198
    -3854.69504
    -3854.78389
    -3855.01785
    -3855.31051
    -3855.59469
    -3855.83413
    -3856.03086
    -3856.18990
    -3856.29467
    -3856.31315
    -3856.20903
    -3855.95781
    -3855.56772
    -3855.09137
    -3854.63167
    -3854.30052
    -3854.18618
    -3854.31203
    -3854.62751
    -3855.04233
    -3855.45842
    -3855.81287
    -3856.09344
    -3856.31799
    -3856.51775
    -3856.69041
    -3856.81800
    -3856.86305
    -3856.79999
    -3856.62586
    -3856.33621
    -3855.93939
    -3855.47454
    -3854.98975
    -3854.52464
    -3855.32666
    -3854.94326
    -3854.55287
    -3854.13704
    -3853.72931
    -3853.39795
    -3853.22401
    -3853.27915
    -3853.56990
    -3854.02262
    -3854.53610
    -3855.01220
    -3855.38324
    -3855.62194
    -3855.71732
    -3855.67349
    -3855.50766
    -3855.26907
    -3855.04449
    -3854.94955
    -3855.07218
    -3855.42309
    -3855.90918
    -3856.37043
    -3856.67709
    -3856.77280
    -3856.68046
    -3856.47811
    -3856.25844
    -3856.10864
    -3856.05823
    -3856.09491
    -3856.16772
    -3856.21051
    -3856.14953
    -3855.91678
    -3855.48552
    -3854.89264
    -3854.25270
    -3853.71129
    -3853.37379
    -3853.28049
    -3853.40083
    -3853.66445
    -3854.00425
    -3854.37202
    -3854.73345
    -3855.08089
    -3855.43650
    -3855.87885
    -3857.61158
    -3858.33736
    -3859.04841
    -3859.57274
    -3859.81857
    -3859.79834
    -3859.59122
    -3859.26324
    -3858.84583
    -3858.34552
    -3857.78335
    -3857.16656
    -3856.51253
    -3855.85849
    -3855.24172
    -3854.73154
    -3854.37724
    -3854.18975
    -3854.12065
    -3854.11227
    -3854.12017
    -3854.13881
    -3854.18867
    -3854.27916
    -3854.37925
    -3854.42769
    -3854.37323
    -3854.22702
    -3854.05658
    -3853.95915
    -3854.00995
    -3854.20722
    -3854.47913
    -3854.72626
    -3854.87135
    -3854.88959
    -3854.80633
    -3854.66705
    -3854.50786
    -3854.36977
    -3854.27198
    -3854.21522
    -3854.16706
    -3854.06140
    -3853.81512
    -3853.39315
    -3852.82548
    -3852.20203
    -3851.66846
    -3851.37821
    -3852.72302
    -3853.29384
    -3854.27923
    -3855.49278
    -3856.64587
    -3857.47871
    -3857.84404
    -3857.75777
    -3857.31257
    -3856.63592
    -3855.85747
    -3855.09198
    -3854.45116
    -3854.03179
    -3853.87663
    -3853.99343
    -3854.33038
    -3854.80063
    -3855.31079
    -3855.78359
    -3856.16700
    -3856.42805
    -3856.52823
    -3856.43927
    -3856.14318
    -3855.67462
    -3855.09393
    -3854.49266
    -3853.96040
    -3853.58782
    -3853.42922
    -3853.48044
    -3853.66855
    -3853.88006
    -3854.01146
    -3854.02753
    -3853.96598
    -3853.93300
    -3854.03220
    -3854.29680
    -3854.66506
    -3855.01591
    -3855.23958
    -3855.28682
    -3855.17199
    -3854.94059
    -3854.64187
    -3854.30362
    -3853.94801
    -3853.62434
    -3854.56983
    -3854.55880
    -3854.80839
    -3855.35597
    -3856.16207
    -3857.09218
    -3857.97785
    -3858.64188
    -3858.95338
    -3858.88291
    -3858.49414
    -3857.90491
    -3857.24571
    -3856.61280
    -3856.05294
    -3855.58912
    -3855.22015
    -3854.95434
    -3854.82725
    -3854.86523
    -3855.05089
    -3855.28348
    -3855.39028
    -3855.17536
    -3854.51561
    -3853.44840
    -3852.19386
    -3851.08401
    -3850.41552
    -3850.34385
    -3850.83759
    -3851.73360
    -3852.81838
    -3853.88816
    -3854.78254
    -3855.39526
    -3855.69580
    -3855.70810
    -3855.50667
    -3855.19837
    -3854.90404
    -3854.71098
    -3854.68156
    -3854.81948
    -3855.08982
    -3855.41708
    -3855.69870
    -3855.85186
    -3855.82428
    -3855.61309
    -3856.46913
