   -0.89051E-04
   -0.11157E-03
   -0.14595E-03
   -0.69147E-04
   -0.69635E-04
   -0.10386E-03
   -0.88882E-04
   -0.90248E-04
   -0.82843E-04
   -0.73411E-04
   -0.10798E-03
   -0.65259E-04
   -0.61621E-04
   -0.10795E-03
   -0.45279E-04
   -0.78474E-04
   -0.10076E-03
   -0.53624E-04
   -0.72260E-04
   -0.65337E-04
   -0.55724E-04
   -0.12902E-03
   -0.62707E-04
   -0.57920E-04
   -0.18923E-03
   -0.76829E-04
   -0.10333E-03
   -0.71686E-04
   -0.93387E-04
   -0.26945E-04
   -0.55031E-04
   -0.81396E-04
   -0.98849E-04
   -0.51390E-04
   -0.59850E-04
   -0.60459E-04
   -0.76305E-04
   -0.70225E-04
   -0.98974E-04
   -0.80078E-04
   -0.10054E-03
   -0.45983E-04
   -0.75276E-04
   -0.11510E-03
   -0.46866E-04
   -0.39812E-04
   -0.56670E-04
   -0.78050E-04
   -0.10384E-03
   -0.36344E-04
